byte offset: 0
first index: 0
index count: 2874
topology: trianglelist
format: DXGI_FORMAT_R16_UINT

0 1 2
1 3 2
2 3 4
5 2 4
6 0 2
2 5 7
8 2 7
6 2 8
8 9 6
9 10 6
7 11 8
11 9 8
9 12 10
13 12 9
11 13 9
3 14 4
14 3 1
14 15 4
14 16 15
16 14 17
18 16 17
18 17 19
20 18 19
16 21 15
20 19 22
23 20 22
24 23 22
24 22 25
22 19 25
18 20 26
20 27 26
20 28 27
28 20 23
28 29 27
16 18 30
18 26 30
16 30 21
30 31 21
32 19 17
19 32 25
1 32 17
17 14 1
30 33 31
30 26 33
33 34 31
34 33 35
36 34 35
33 37 35
26 37 33
26 27 37
37 38 35
38 37 39
27 39 37
27 29 39
40 38 39
40 39 41
29 41 39
41 29 42
43 40 41
32 1 0
44 32 0
0 45 44
45 46 44
46 45 47
48 46 47
47 49 48
49 50 48
51 49 47
49 51 52
53 52 51
54 49 52
50 49 54
52 55 54
56 55 52
53 56 52
56 57 55
57 58 55
57 59 58
59 60 58
60 59 61
62 60 61
55 63 54
63 55 64
55 58 64
54 63 65
65 50 54
63 66 65
63 64 66
60 62 67
68 60 67
64 58 68
58 60 68
68 67 69
70 68 69
69 67 71
67 72 71
67 62 72
73 65 66
65 73 74
75 74 73
75 73 76
76 73 66
77 74 75
75 78 77
77 78 48
78 46 48
74 77 50
77 48 50
50 65 74
70 69 79
79 75 80
70 79 80
75 76 80
81 70 80
80 76 81
82 71 72
83 82 72
84 83 72
85 84 72
84 85 86
85 87 86
44 46 78
88 44 78
24 88 78
32 44 88
25 32 88
24 25 88
62 85 72
85 62 87
62 61 87
86 89 84
89 90 84
83 84 90
90 89 91
91 89 92
92 89 86
93 92 86
93 87 61
87 93 86
94 93 61
94 95 93
95 94 96
94 97 96
97 94 57
57 56 97
96 97 98
97 99 98
99 97 56
98 99 100
99 101 100
102 101 99
102 12 101
102 103 12
102 51 103
104 101 12
99 56 53
102 53 51
53 102 99
100 101 105
101 104 105
103 10 12
10 103 45
45 103 47
103 51 47
6 10 45
104 12 13
100 106 98
106 107 98
98 107 96
107 108 96
96 108 95
108 109 95
95 109 110
95 110 93
109 111 110
110 112 93
110 111 112
112 92 93
112 113 92
113 114 92
112 115 113
111 115 112
115 116 113
113 117 114
117 118 114
119 118 117
117 120 119
119 120 121
122 118 119
120 117 123
116 123 113
123 117 113
118 122 124
124 114 118
91 114 124
91 92 114
124 122 125
126 124 125
91 124 126
127 121 120
91 126 90
126 128 90
126 129 128
129 126 125
128 83 90
130 83 128
131 130 128
129 131 128
130 131 132
133 130 132
129 134 131
134 132 131
135 129 125
135 134 129
136 135 125
135 136 137
138 137 136
139 137 138
139 138 140
139 140 141
142 139 141
139 142 143
144 143 142
145 144 142
146 145 142
140 138 147
140 148 141
149 141 148
150 148 140
140 147 150
150 151 148
151 150 152
153 148 151
149 148 153
154 149 153
152 155 151
156 151 155
151 156 153
157 153 156
154 153 157
156 158 157
158 156 159
155 159 156
157 160 154
161 149 154
161 162 149
149 162 163
162 161 164
164 165 162
163 162 165
146 163 165
154 166 161
154 160 166
167 166 160
161 166 168
161 168 164
169 168 166
169 166 167
170 168 169
171 164 168
170 171 168
165 164 172
171 172 164
173 165 172
146 165 173
146 173 174
174 173 175
173 176 175
176 173 172
176 172 177
174 175 178
175 179 178
178 179 180
178 180 181
175 182 179
183 174 178
178 181 183
177 172 184
171 184 172
171 170 184
169 185 170
170 185 186
185 187 186
186 187 188
187 189 188
190 189 187
191 190 187
185 191 187
191 192 190
193 190 192
190 193 194
189 190 194
189 194 195
192 191 196
197 191 185
197 196 191
196 198 192
198 196 199
198 199 200
199 201 200
202 200 201
202 201 203
204 202 203
192 205 193
205 192 198
206 199 196
206 196 197
207 199 206
207 201 199
201 207 208
203 201 208
203 208 209
210 198 200
205 198 210
200 211 210
200 202 211
202 212 211
212 202 204
204 213 212
214 204 203
203 209 214
214 215 204
213 204 215
215 216 213
216 215 217
217 218 216
219 214 209
219 209 220
220 209 208
215 214 221
219 221 214
221 217 215
222 207 206
220 208 223
224 223 222
224 225 223
225 220 223
224 158 225
225 158 226
159 226 158
207 222 223
227 220 225
227 225 226
219 220 227
224 157 158
157 224 160
160 224 222
167 160 222
222 206 167
167 206 197
167 197 169
169 197 185
207 223 208
228 229 230
229 231 230
232 231 229
228 230 28
233 228 28
231 42 230
233 28 23
24 233 23
228 233 24
28 230 29
230 42 29
231 234 42
42 234 235
234 236 235
236 237 235
237 43 235
236 234 188
238 188 234
238 234 231
232 238 231
236 195 237
189 236 188
236 189 195
43 41 235
41 42 235
186 188 238
239 186 238
239 238 232
240 239 232
184 239 240
241 184 240
240 242 241
242 240 232
170 239 184
170 186 239
24 241 242
24 242 243
24 243 244
24 244 228
24 177 241
241 177 184
177 24 176
24 175 176
245 246 247
246 135 247
137 247 135
247 143 245
139 143 247
247 137 139
143 144 245
248 246 245
249 248 245
249 245 144
250 248 249
249 181 250
181 249 144
181 180 250
250 180 251
180 252 251
133 250 251
250 133 248
251 252 253
133 251 253
183 181 144
183 144 145
145 146 183
146 174 183
179 252 180
252 179 182
133 253 254
253 255 254
256 255 253
71 255 256
255 71 254
69 71 256
69 256 79
253 79 256
71 82 254
133 254 130
254 82 130
130 82 83
163 146 142
141 163 142
163 141 149
257 119 258
258 147 257
257 147 138
136 257 138
136 122 257
122 119 257
122 136 125
147 258 259
258 260 259
260 258 121
258 119 121
150 147 259
152 150 259
121 127 260
261 127 120
261 120 262
262 120 123
123 263 262
123 116 263
116 264 263
116 115 264
264 115 265
115 111 265
265 111 266
111 109 266
267 266 109
108 267 109
267 108 268
108 107 268
268 107 269
107 106 269
269 106 270
106 271 270
271 106 100
105 271 100
105 272 271
273 272 105
273 274 272
274 275 272
276 274 273
276 273 277
276 277 278
276 278 279
104 277 273
104 273 105
274 280 275
280 281 275
280 282 281
282 283 281
280 284 282
284 280 285
274 285 280
285 286 284
285 287 286
286 288 284
289 279 287
276 279 289
289 287 285
290 284 288
282 284 290
291 290 288
292 290 291
282 290 292
293 292 291
287 294 286
294 295 286
288 286 296
286 295 296
294 287 297
287 279 297
279 298 297
298 299 297
300 299 298
301 300 298
299 302 297
297 302 294
303 300 301
304 303 301
294 305 295
302 305 294
305 306 295
295 306 296
301 298 278
278 298 279
307 301 278
300 308 299
308 300 303
308 309 299
299 309 302
310 309 308
309 310 311
309 311 302
305 302 311
310 312 311
312 305 311
306 305 312
310 313 312
313 306 312
314 301 307
301 314 304
314 307 315
316 314 315
316 315 11
7 316 11
315 307 277
278 277 307
13 315 277
11 315 13
316 7 317
314 316 317
314 317 304
304 317 318
317 319 318
4 319 317
5 4 317
7 5 317
319 4 320
319 320 318
4 15 320
320 15 321
320 321 322
320 322 318
321 323 322
322 323 324
323 325 324
15 21 321
326 324 325
327 326 325
328 326 327
328 329 326
326 329 324
325 323 330
331 325 330
332 325 331
327 325 332
333 332 331
330 323 334
323 321 334
321 21 334
21 31 334
324 335 322
329 335 324
335 318 322
334 31 336
330 334 336
31 34 336
336 34 337
34 36 337
338 336 337
338 330 336
331 330 338
339 338 337
340 331 338
333 331 340
341 340 338
341 338 339
340 341 342
342 333 340
342 343 333
341 344 342
318 335 304
335 303 304
345 303 335
329 345 335
345 308 303
328 308 345
328 345 329
344 346 342
342 346 343
347 346 344
348 346 347
349 346 348
343 346 349
348 350 349
351 349 350
348 347 352
353 350 348
348 352 353
354 350 353
355 350 354
355 351 350
356 355 354
357 354 353
358 354 357
356 354 358
353 352 359
353 359 357
357 359 360
358 357 361
360 361 357
361 362 358
363 356 358
363 358 362
362 361 364
364 365 362
364 366 365
365 366 367
368 367 366
368 369 367
370 369 368
361 360 371
371 364 361
372 362 365
372 363 362
373 372 365
373 365 367
367 374 373
369 374 367
369 375 374
376 366 364
371 376 364
366 376 377
366 377 368
368 377 378
378 370 368
370 378 379
380 369 370
369 380 375
380 370 381
379 381 370
381 379 382
382 383 381
383 382 384
385 375 380
385 386 375
386 374 375
381 387 380
385 380 387
387 381 383
388 372 373
373 389 388
390 388 389
390 389 391
391 389 386
390 391 392
391 393 392
394 392 393
392 394 395
395 396 392
390 392 396
396 395 397
398 396 397
398 397 399
396 398 400
396 400 390
400 388 390
401 398 399
401 399 402
399 403 402
402 404 401
404 402 405
403 405 402
406 405 403
398 401 407
398 407 400
408 400 407
401 409 407
401 404 409
410 407 409
410 408 407
411 410 409
412 409 404
411 409 412
399 397 413
399 413 414
403 399 414
415 414 413
416 414 415
417 414 416
414 417 403
403 417 406
406 417 418
419 418 417
420 419 417
416 420 417
421 415 413
421 413 422
422 423 421
397 422 413
423 422 424
395 424 422
422 397 395
415 421 425
415 425 426
416 415 426
416 426 427
426 428 427
416 429 420
429 416 427
424 395 394
427 430 429
430 427 428
430 431 429
431 432 429
420 429 432
419 420 432
432 431 433
434 432 433
419 432 434
435 434 433
436 434 435
436 419 434
437 436 435
437 435 438
439 437 438
440 436 437
440 437 441
441 437 439
442 440 441
442 441 443
439 443 441
442 444 440
445 444 442
446 445 442
443 446 442
406 444 445
444 447 440
444 406 447
440 447 436
446 448 445
445 448 405
406 445 405
446 449 448
449 450 448
412 448 450
405 448 404
412 404 448
449 446 328
328 451 449
451 450 449
451 452 450
452 451 453
328 453 451
450 452 454
452 455 454
453 455 452
411 450 454
412 450 411
454 455 351
454 351 355
411 454 355
411 355 356
410 411 356
455 456 351
455 457 456
458 456 457
459 458 457
458 459 332
459 460 332
456 458 343
460 327 332
328 327 460
459 328 460
343 458 333
458 332 333
351 456 349
456 343 349
410 356 363
408 410 363
408 363 372
388 408 372
408 388 400
328 459 461
328 461 462
328 462 453
94 59 57
94 61 59
70 81 68
81 64 68
64 81 66
76 66 81
45 0 6
463 464 465
463 465 466
467 463 466
468 467 466
468 469 467
469 470 467
471 468 466
291 469 468
293 291 468
293 468 471
463 467 472
467 470 472
464 463 472
472 470 473
472 473 310
470 474 473
470 469 474
466 475 471
475 476 471
471 476 477
478 471 477
478 293 471
477 479 478
479 480 478
478 480 293
480 292 293
481 479 477
482 481 477
476 482 477
482 483 481
483 484 481
484 479 481
485 479 484
485 292 480
480 479 485
282 292 485
283 282 485
486 283 485
487 283 486
488 487 486
283 487 489
281 283 489
281 489 490
275 281 490
275 490 491
272 275 491
272 491 271
486 485 492
485 484 492
488 486 492
492 484 493
484 494 493
495 492 493
495 488 492
496 495 493
493 494 497
494 498 497
499 497 498
497 499 500
499 501 500
502 499 498
500 503 497
496 493 503
493 497 503
498 504 502
504 498 494
483 504 494
504 505 502
506 505 504
483 506 504
507 500 501
483 482 506
506 482 508
506 508 509
509 505 506
508 482 476
476 510 508
510 511 508
509 508 511
512 511 510
513 512 510
512 514 511
514 509 511
430 505 509
430 509 514
428 505 430
513 510 515
513 515 464
464 515 465
465 515 466
515 475 466
510 475 515
510 476 475
513 464 438
513 438 435
438 464 439
435 433 513
428 426 516
516 426 425
517 516 425
516 517 499
428 516 502
502 516 499
502 505 428
425 518 517
517 518 519
519 501 517
517 501 499
421 518 425
423 518 421
501 519 507
520 500 507
520 521 500
521 503 500
503 521 522
503 522 496
496 522 523
496 523 495
523 524 495
524 488 495
524 525 488
525 487 488
487 525 526
489 487 526
526 527 489
527 490 489
527 528 490
528 491 490
528 270 491
270 271 491
274 289 285
289 274 276
104 13 277
386 389 374
373 374 389
529 391 386
529 393 391
385 529 386
483 494 484
447 419 436
447 418 419
406 418 447
296 469 288
469 291 288
469 296 474
306 474 296
474 306 313
473 474 313
310 473 313
