byte offset: 0
first index: 0
index count: 16233
topology: trianglelist
format: DXGI_FORMAT_R16_UINT

0 1 2
1 3 2
4 2 3
5 2 4
6 5 4
6 7 5
7 6 8
6 9 8
9 6 10
11 8 9
11 12 8
8 12 7
11 13 12
13 11 14
14 15 13
15 14 16
17 16 14
11 17 14
16 17 18
17 11 19
19 11 9
20 13 15
13 20 21
22 13 21
13 22 12
12 22 7
23 16 18
16 23 24
24 15 16
25 21 20
21 25 26
27 23 18
27 18 17
23 27 28
29 21 26
21 29 22
30 26 25
26 30 31
31 29 26
32 31 30
31 32 33
34 31 33
31 34 35
29 31 35
36 29 35
29 36 37
22 29 37
35 38 36
38 35 34
39 24 23
39 23 28
28 40 39
41 39 40
39 41 42
42 43 39
43 42 44
39 43 24
43 44 45
43 45 24
42 46 44
47 44 46
44 47 48
48 45 44
24 45 15
45 20 15
46 42 49
50 48 47
48 50 51
42 52 49
42 41 52
20 45 53
45 54 53
51 53 54
48 51 54
45 48 54
55 50 47
50 55 56
50 57 51
56 57 50
58 20 53
51 58 53
58 25 20
55 59 56
58 30 25
57 56 60
56 59 61
56 61 60
62 51 57
62 58 51
62 30 58
61 59 63
62 32 30
60 61 64
61 63 65
61 65 64
66 32 62
67 64 65
68 65 63
69 67 65
68 69 65
32 66 70
33 32 70
70 71 33
33 71 34
71 72 34
38 34 72
67 69 73
69 68 74
69 74 73
75 71 70
76 70 66
76 75 70
68 77 74
71 78 72
71 75 78
79 73 74
77 80 74
80 79 74
81 75 76
78 75 81
81 76 82
81 82 83
77 84 80
81 85 78
85 81 83
86 83 82
82 87 86
83 88 85
88 83 86
84 89 80
90 80 89
90 79 80
86 87 91
92 88 86
92 86 91
87 93 91
92 91 94
93 94 91
95 90 89
84 95 89
96 97 98
97 96 99
100 96 98
96 100 101
102 101 100
101 102 103
104 103 102
103 104 105
106 105 104
105 106 107
108 107 106
109 97 99
109 99 110
111 109 110
110 112 111
112 110 113
114 113 110
113 114 115
115 116 113
116 115 117
117 118 116
118 117 119
119 120 118
120 119 121
122 118 120
118 122 123
123 116 118
124 113 116
113 124 112
116 123 124
110 125 114
125 126 114
125 127 126
121 128 120
128 122 120
129 127 125
129 130 127
131 130 129
130 131 132
133 132 131
134 135 136
135 134 137
138 136 135
136 138 139
137 140 135
140 137 141
141 142 140
142 141 143
144 140 142
142 145 144
145 142 146
143 146 142
146 147 145
147 146 148
140 144 149
149 135 140
135 149 138
150 144 145
144 150 151
151 149 144
149 151 152
152 138 149
138 152 153
153 139 138
152 154 153
154 155 153
155 154 156
154 152 157
157 152 151
155 156 158
139 153 155
155 159 139
155 158 159
160 147 148
160 161 147
161 162 147
161 163 162
161 164 163
164 165 163
166 163 165
165 164 167
167 168 165
166 165 168
167 169 168
169 170 168
169 171 170
172 170 171
172 171 173
174 172 173
174 173 175
176 174 175
175 177 176
178 174 176
172 174 178
176 179 178
178 180 172
181 170 172
172 180 181
180 182 181
182 180 183
178 183 180
182 184 181
170 181 184
184 182 185
185 166 184
166 185 186
182 187 185
187 186 185
187 182 188
183 188 182
186 189 166
189 186 190
188 191 187
191 188 192
186 187 193
193 190 186
191 193 187
190 194 189
194 190 195
196 194 195
194 196 197
190 193 198
198 195 190
193 191 199
199 198 193
195 198 200
200 196 195
196 201 197
201 196 202
191 203 199
203 191 204
196 200 205
205 202 196
198 199 206
206 200 198
203 206 199
202 207 201
207 202 208
209 203 204
203 209 210
200 206 211
211 205 200
208 212 207
212 208 213
202 205 214
214 208 202
206 203 215
215 211 206
210 215 203
216 212 213
212 216 217
218 210 209
210 218 219
208 214 220
221 217 216
217 221 222
208 223 213
223 208 220
224 222 221
222 224 225
211 215 226
213 227 216
227 213 223
228 225 224
225 228 229
216 230 221
230 216 227
231 229 228
229 231 232
221 233 224
233 221 230
224 234 228
234 224 233
228 235 231
235 228 234
234 236 235
236 234 237
233 237 234
237 233 238
230 238 233
237 239 236
239 237 240
238 240 237
238 230 241
227 241 230
241 227 242
223 242 227
242 223 243
220 243 223
243 220 244
220 245 244
245 220 214
214 246 245
246 214 205
240 238 247
241 247 238
248 245 246
246 226 248
226 246 211
205 211 246
245 248 249
249 244 245
247 241 250
244 249 251
251 243 244
243 251 252
252 242 243
242 252 253
241 253 250
253 241 242
248 226 254
215 254 226
254 215 255
215 210 255
210 256 255
256 210 219
255 256 257
255 257 254
258 254 257
254 258 259
260 259 258
259 260 261
262 261 260
261 262 263
264 261 263
261 264 265
263 266 264
266 263 267
267 268 266
268 267 269
267 270 269
270 267 271
271 263 262
263 271 267
269 272 268
272 269 273
270 273 269
273 270 274
273 275 272
275 273 276
274 276 273
276 274 277
276 278 275
277 278 276
265 248 261
248 259 261
248 254 259
279 280 281
280 279 282
283 281 280
281 283 284
279 281 285
286 279 285
287 281 284
287 285 281
286 288 279
288 289 279
289 282 279
286 290 288
290 291 288
291 289 288
290 286 292
290 293 291
293 290 294
290 292 294
294 295 293
295 294 296
297 296 294
294 292 297
296 297 298
299 295 296
298 299 296
295 299 300
299 298 301
302 300 299
301 302 299
300 302 303
302 301 304
305 303 302
304 305 302
303 305 306
305 304 307
308 306 305
306 308 309
305 310 308
310 305 307
311 309 308
309 311 312
308 313 311
313 308 310
312 311 314
314 311 313
315 316 317
318 316 315
316 318 319
320 315 317
315 320 321
321 318 315
318 321 322
323 320 317
320 323 324
322 325 318
325 322 326
327 320 324
320 327 328
328 321 320
326 329 325
329 326 330
321 328 331
331 322 321
322 331 332
332 326 322
333 329 330
329 333 334
334 335 329
325 329 335
335 334 336
337 336 334
336 337 338
339 338 337
338 339 340
334 341 337
341 334 333
342 340 339
340 342 343
344 343 342
343 344 345
344 346 345
346 344 347
347 348 346
348 347 349
344 350 347
349 347 350
350 344 351
342 351 344
350 352 349
352 350 353
351 353 350
351 342 354
339 354 342
354 339 355
355 337 341
337 355 339
353 351 356
354 356 351
356 354 357
355 357 354
356 358 353
352 353 358
358 356 359
357 359 356
357 355 360
341 360 355
360 341 361
333 361 341
361 333 362
330 362 333
362 330 363
326 363 330
363 326 364
326 332 364
365 364 332
332 366 365
366 332 331
331 367 366
367 331 328
328 368 367
368 328 327
364 365 369
369 363 364
363 369 370
370 362 363
362 370 371
371 361 362
361 371 372
373 361 372
361 373 360
374 360 373
360 374 357
359 357 374
375 368 327
327 376 375
376 327 324
376 324 377
377 324 323
377 378 376
376 379 375
378 380 376
378 381 380
382 383 384
384 383 385
383 382 386
385 387 384
384 387 388
389 384 388
382 384 389
390 382 389
391 385 383
391 383 386
392 382 390
392 386 382
390 389 393
394 387 385
388 387 395
394 395 387
393 389 396
389 397 396
389 388 397
398 397 388
395 398 388
397 398 399
397 399 396
400 385 391
385 400 394
391 386 401
393 402 390
395 394 403
400 391 404
400 405 394
405 400 404
403 406 395
395 406 398
393 396 407
403 394 408
408 394 405
409 402 393
393 407 409
396 399 410
407 396 410
408 411 403
403 412 406
403 411 412
413 412 411
408 413 411
412 413 414
415 414 413
414 415 416
417 416 415
415 418 417
418 415 419
416 417 420
421 417 418
417 421 422
422 420 417
423 422 421
422 423 424
425 424 423
424 425 426
427 424 426
424 427 428
429 426 425
426 429 430
431 426 430
426 431 427
432 430 429
430 432 433
433 431 430
431 433 434
435 433 432
433 435 436
436 434 433
437 436 435
436 437 438
438 439 436
434 436 439
439 438 440
441 438 437
438 441 442
443 438 442
438 443 440
444 442 441
442 444 445
446 442 445
442 446 443
445 447 446
447 445 448
444 448 445
448 449 447
449 448 450
448 444 451
451 450 448
450 451 452
450 452 453
453 449 450
454 455 456
455 454 457
456 458 454
458 456 459
460 457 454
457 460 461
462 454 458
454 462 460
463 460 462
460 463 464
464 461 460
461 464 465
466 464 463
464 466 467
467 465 464
465 467 468
466 469 467
469 468 467
469 466 470
468 469 471
470 472 469
472 471 469
472 470 473
471 472 474
473 475 472
475 474 472
475 473 476
474 475 477
478 477 475
476 478 475
477 478 479
480 479 478
481 480 478
482 480 481
482 483 480
484 483 482
484 482 485
486 484 485
487 488 489
488 487 490
491 489 488
489 491 492
490 493 488
493 490 494
488 495 491
495 488 493
494 496 493
496 494 497
493 498 495
498 493 496
497 499 496
499 497 500
496 501 498
501 496 499
500 502 499
502 500 503
504 489 492
504 487 489
505 501 499
502 505 499
502 503 506
502 506 507
506 508 507
508 509 507
509 510 507
510 509 511
510 511 512
511 513 512
514 515 516
515 514 517
518 517 514
517 518 519
520 517 519
517 520 521
521 522 517
517 522 515
522 521 523
519 524 520
524 519 525
518 525 519
526 524 525
524 526 527
528 527 526
527 528 529
530 529 528
529 530 531
532 531 530
531 532 533
521 534 523
534 521 520
520 535 534
535 520 524
527 535 524
536 533 532
533 536 537
529 538 527
535 527 538
538 529 539
531 539 529
539 531 540
533 540 531
540 533 541
537 541 533
530 542 532
542 530 543
528 543 530
543 528 544
545 532 542
532 545 536
546 537 536
545 546 536
537 546 547
541 537 548
547 548 537
535 549 534
550 534 549
534 550 523
551 523 550
523 551 522
546 545 552
546 553 547
553 546 554
552 554 546
548 547 555
553 555 547
554 552 556
554 557 553
557 554 558
556 558 554
555 553 559
557 559 553
558 556 560
559 557 561
558 562 557
562 558 563
560 563 558
563 560 564
565 557 562
557 565 561
563 566 562
566 563 567
564 567 563
567 564 568
562 569 565
569 562 566
567 570 566
570 567 571
571 567 568
572 566 570
566 572 569
571 573 570
573 571 574
575 570 573
570 575 572
561 565 576
577 561 576
577 559 561
578 559 577
578 555 559
579 555 578
579 548 555
580 548 579
580 541 548
581 541 580
581 540 541
582 540 581
540 582 539
583 539 582
539 583 538
584 538 583
538 584 535
549 535 584
525 518 585
585 526 525
526 585 586
544 526 586
526 544 528
587 588 589
588 587 590
587 591 590
591 587 592
590 593 588
593 590 594
590 595 594
595 590 591
594 596 593
596 594 597
595 597 594
597 595 598
597 599 596
599 597 600
598 600 597
600 598 601
602 599 600
601 602 600
599 602 603
604 603 602
603 604 605
602 601 606
606 604 602
607 605 604
605 607 608
609 608 607
608 609 610
604 606 611
611 607 604
607 611 612
609 613 610
613 609 614
615 607 612
607 615 609
614 616 613
616 614 617
618 609 615
609 618 614
614 619 617
619 614 618
616 617 620
616 620 621
617 622 620
617 619 622
619 623 622
624 622 623
625 626 19
626 625 627
627 628 626
628 627 629
629 630 628
631 628 630
628 631 632
630 633 631
633 630 634
630 629 635
635 634 630
634 636 633
636 634 637
634 635 638
638 637 634
637 638 639
640 637 639
637 640 641
632 642 628
626 628 642
626 642 17
17 642 27
17 19 626
642 643 27
642 632 643
632 644 643
643 28 27
643 645 28
645 646 28
647 646 645
646 647 648
648 649 646
649 648 650
651 648 647
648 651 652
652 650 648
650 652 653
654 653 652
653 654 655
653 656 650
656 653 657
654 658 655
658 654 659
660 659 654
660 652 651
652 660 654
659 660 661
662 653 655
653 662 657
659 663 658
663 659 664
661 664 659
664 661 665
666 655 658
655 666 662
667 664 665
664 667 668
669 664 668
664 669 663
670 658 663
658 670 666
671 668 667
668 671 672
673 668 672
668 673 669
674 672 671
672 674 675
676 663 669
663 676 670
677 675 674
675 677 678
679 669 673
669 679 676
673 680 679
680 673 681
681 672 675
672 681 673
681 682 680
682 681 683
683 675 678
675 683 681
678 684 683
677 684 678
684 682 683
644 632 685
685 686 644
686 685 687
687 688 686
688 687 689
686 688 690
689 691 688
691 689 692
688 691 693
690 688 693
694 691 692
691 694 695
696 691 695
691 696 693
697 695 694
695 697 698
699 698 697
698 699 700
701 695 698
695 701 696
693 702 690
702 693 703
696 703 693
704 698 700
698 704 701
704 705 701
705 704 706
704 707 706
707 704 708
708 704 700
703 696 709
701 709 696
709 701 705
710 707 708
710 708 711
708 700 711
700 699 711
712 690 702
712 713 690
714 713 712
714 715 713
713 715 644
643 644 715
643 715 645
645 715 647
714 647 715
713 644 686
690 713 686
716 717 718
717 716 719
720 719 716
719 720 721
722 718 717
718 722 723
718 724 716
724 718 725
723 725 718
716 726 720
726 716 724
725 723 727
724 728 726
728 724 729
725 729 724
730 728 729
728 730 731
732 731 730
730 733 732
733 730 734
729 734 730
731 732 735
736 732 733
732 736 737
737 735 732
735 737 738
736 739 737
739 738 737
739 736 740
741 740 736
741 736 733
742 741 733
742 733 734
741 742 743
740 741 744
738 739 745
740 746 739
746 745 739
746 740 747
745 746 748
742 734 749
734 750 749
750 751 749
751 750 725
729 725 750
727 751 725
750 734 729
751 752 749
752 742 749
752 753 742
753 743 742
753 754 743
754 755 743
743 755 756
756 741 743
756 744 741
757 755 754
758 755 757
755 758 759
756 755 759
760 759 758
759 760 761
756 762 744
762 756 763
756 759 763
763 759 761
764 744 762
765 762 763
763 761 765
761 766 765
766 761 767
761 760 767
767 768 766
768 767 769
744 764 740
770 762 765
771 762 770
764 762 771
772 771 770
772 770 765
772 765 766
771 772 773
773 774 771
764 771 774
775 764 774
764 775 747
747 740 764
774 773 776
776 775 774
777 773 772
766 777 772
766 768 777
773 777 778
778 776 773
775 776 779
779 780 775
747 775 780
780 779 781
781 782 780
782 781 783
784 779 776
776 778 784
779 784 785
785 781 779
781 785 786
786 783 781
783 786 787
788 785 784
785 788 789
746 747 780
746 780 782
790 746 782
790 748 746
791 778 777
788 784 791
792 791 777
792 777 793
793 777 768
794 793 768
768 769 794
769 795 794
795 769 796
796 769 767
760 796 767
796 797 795
793 794 798
798 792 793
795 799 794
792 800 791
800 792 798
797 801 795
795 801 799
800 802 791
794 803 798
799 803 794
801 803 799
802 788 791
804 800 798
802 800 804
798 803 804
797 805 801
788 802 806
802 804 806
788 806 807
807 789 788
789 807 808
789 808 809
785 789 809
785 809 786
809 787 786
787 809 810
811 787 810
783 787 811
812 783 811
782 783 812
782 812 790
809 813 810
809 808 813
814 811 810
810 813 814
815 807 806
804 815 806
816 815 804
815 816 817
803 816 804
816 803 818
818 803 801
818 801 819
819 801 805
819 805 820
821 814 813
821 813 822
813 808 822
822 808 823
823 808 807
815 824 807
824 823 807
819 820 825
818 819 825
824 815 817
818 826 816
820 827 825
826 817 816
826 824 817
822 828 821
824 829 823
826 829 824
822 823 830
830 828 822
827 831 825
831 827 832
833 825 831
818 825 833
833 826 818
834 826 833
829 826 834
833 831 834
830 835 828
834 836 829
832 837 831
831 837 834
836 834 837
829 836 838
823 829 838
823 838 830
837 832 839
840 835 830
830 838 840
841 835 840
842 838 836
840 838 842
839 843 837
843 836 837
836 843 842
843 839 844
840 845 841
842 845 840
843 845 842
845 846 841
846 845 847
847 848 846
849 843 844
849 845 843
847 845 849
849 844 850
849 850 851
849 851 847
851 850 852
852 853 851
847 854 848
851 853 854
851 854 847
854 855 848
855 854 856
856 857 855
857 856 858
856 859 858
859 856 860
854 860 856
860 854 853
861 857 858
857 861 862
863 862 861
862 863 864
865 864 863
864 865 866
863 867 865
867 863 868
861 868 863
868 861 869
858 869 861
869 858 859
870 866 865
866 870 871
871 870 872
873 872 870
865 873 870
873 865 867
874 875 876
875 874 877
876 878 874
877 879 875
879 877 880
880 881 879
881 880 882
882 883 881
883 882 884
884 885 883
885 884 886
886 887 885
887 886 888
888 889 887
889 888 890
890 891 889
891 890 892
892 893 891
893 892 894
895 893 894
893 895 896
897 896 895
896 897 898
899 898 897
898 899 900
899 901 900
902 903 904
903 902 905
905 906 903
906 905 907
907 908 906
908 907 909
902 904 910
902 910 911
912 908 909
913 914 915
914 913 916
917 916 913
916 917 918
919 914 916
914 919 920
916 921 919
921 916 918
922 920 919
920 922 923
919 924 922
924 919 921
925 918 917
918 925 926
921 918 926
922 927 923
927 922 928
929 922 924
922 929 928
928 930 927
930 928 931
929 931 928
932 930 931
930 932 933
931 929 934
934 932 931
932 935 933
935 932 936
937 924 921
921 926 937
924 937 938
938 929 924
936 939 935
939 936 940
940 941 939
941 940 942
932 934 943
943 936 932
944 942 940
942 944 945
942 945 946
941 942 946
936 943 947
940 947 944
947 940 936
948 945 944
945 948 949
949 946 945
944 950 948
950 944 947
948 951 949
946 949 951
951 948 952
950 952 948
947 953 950
953 947 943
943 954 953
954 943 934
934 955 954
955 934 929
929 938 955
952 950 956
953 956 950
956 953 957
953 958 957
958 953 954
143 954 955
954 143 958
959 955 938
955 959 143
938 960 959
960 938 937
926 960 937
960 926 961
961 962 960
148 960 962
959 960 148
961 963 962
963 961 925
961 926 925
964 963 925
964 925 917
964 917 965
965 966 964
965 967 966
968 966 967
969 967 965
970 969 965
970 965 917
10 969 970
969 10 6
6 971 969
6 4 971
972 10 970
9 10 972
972 625 9
19 9 625
625 972 915
970 915 972
627 625 915
627 915 914
627 914 973
974 969 971
974 971 4
970 913 915
974 967 969
974 4 3
968 967 974
968 974 3
968 3 975
3 1 975
1 976 975
977 976 1
977 978 976
977 979 978
980 978 979
981 980 979
973 914 920
920 982 973
982 920 923
923 983 982
983 984 982
984 973 982
983 985 984
923 986 983
983 986 985
987 988 985
987 989 988
990 989 987
990 991 923
923 992 990
990 992 993
993 992 994
995 990 993
996 995 993
995 996 997
990 995 997
997 988 989
990 997 989
998 996 993
996 998 999
996 999 1000
1001 996 1000
1001 1002 996
996 1002 997
1003 1001 1000
1003 1000 1004
1004 1005 1003
1006 1003 1005
999 1007 1000
1004 1000 1007
1008 1005 1004
1004 1009 1008
1010 1009 1004
1007 1010 1004
1009 1010 1011
1012 1009 1011
1009 1012 1013
1014 1013 1012
1013 1014 1015
1016 1015 1014
1015 1016 1017
1012 1018 1014
1018 1012 1019
1020 1017 1016
1017 1020 1021
1021 1022 1017
1015 1017 1022
1022 1021 1023
1024 1023 1021
1023 1024 1025
1026 1025 1024
1025 1026 1027
1028 1027 1026
1027 1028 1029
1030 1029 1028
1029 1030 1031
1032 1031 1030
1031 1032 1033
1030 1034 1032
1034 1030 1035
1028 1035 1030
1035 1028 1036
1026 1036 1028
1035 1037 1034
1037 1035 1038
1036 1038 1035
1036 1026 1039
1024 1039 1026
1039 1024 1040
1038 1036 1041
1039 1041 1036
1041 1039 1042
1040 1042 1039
1042 1040 1043
1020 1043 1040
1040 1021 1020
1021 1040 1024
1043 1020 1044
1016 1044 1020
1044 1016 1045
1014 1045 1016
1045 1014 1018
1018 1046 1045
1046 1018 1047
1019 1047 1018
1047 1019 1048
1049 1048 1019
1048 1049 1050
1044 1051 1043
1051 1044 1052
1045 1052 1044
1052 1045 1046
1049 1019 1012
1049 1012 1011
1011 1053 1049
1053 1011 1010
1053 1010 1054
1010 1007 1054
1055 1049 1053
1055 1050 1049
1055 1053 1056
1056 1057 1055
1056 1058 1057
1059 1051 1052
1060 1059 1052
1061 1060 1052
1061 1052 1046
1062 1061 1046
1063 1062 1046
1063 1046 1047
1064 1063 1047
1048 1064 1047
1065 1051 1059
1051 1065 1066
1051 1066 1067
1067 1043 1051
1043 1067 1068
1067 1069 1068
1069 1067 1070
1066 1070 1067
1070 1071 1069
1071 1070 1072
1072 1073 1071
1073 1072 1074
1074 1075 1073
1075 1074 1076
1074 1077 1076
1077 1074 1078
1072 1078 1074
1078 1072 1079
1072 1080 1079
1080 1072 1070
1070 1066 1080
1076 1081 1075
1077 1081 1076
1082 1083 1084
1083 1082 1085
1083 1086 1084
1082 1087 1085
1087 1088 1085
1088 1087 1089
1088 1089 1090
1091 1090 1089
1090 1091 1092
1093 1090 1092
1094 1093 1092
1093 1094 1095
1095 1096 1093
1096 1095 1097
1098 1097 1095
1097 1098 1099
1100 1099 1098
1099 1100 1101
1102 1101 1100
1101 1102 1103
1104 1103 1102
1103 1104 1105
1102 1106 1104
1106 1102 1107
1100 1107 1102
1107 1100 1108
1098 1108 1100
1095 1109 1098
1109 1095 1094
1108 1098 1109
1104 1110 1105
1110 1104 1106
1093 1096 1111
1112 1113 1114
1113 1112 574
571 1113 574
1113 571 568
1115 1112 1114
1115 1116 1112
1117 1116 1115
1118 1116 1117
1118 1112 1116
1118 1117 1119
1119 1120 1118
1121 1120 1119
1121 1119 1122
1119 1123 1122
1117 1123 1119
1117 1124 1123
1125 1123 1124
1120 1121 1126
1120 1126 1127
1128 1127 1126
1127 1128 1129
1129 1130 1127
1130 1120 1127
1120 1130 1118
1130 1129 1131
1112 1130 1131
1112 1118 1130
1129 573 1131
1131 573 574
1112 1131 574
573 1129 575
1129 1132 575
1132 1129 1128
1133 575 1132
1133 572 575
572 1133 1134
572 1134 569
1134 565 569
565 1134 576
1135 1136 1137
1136 1135 1138
1139 1135 1137
1135 1139 1140
1141 1137 1136
1137 1141 1142
1135 1140 1143
1144 1142 1141
1142 1144 1145
1145 1146 1142
1137 1146 1139
1146 1137 1142
1146 1145 1147
1144 1148 1145
1148 1147 1145
1149 1150 1151
1150 1149 1152
1151 1153 1149
1153 1151 1154
1149 1155 1152
1155 1149 1156
1149 1157 1156
1157 1149 1153
1158 1156 1157
1156 1158 1159
1160 1156 1159
1156 1160 1155
1154 1151 1161
1161 1151 1150
1154 1161 1162
1162 1161 1163
1162 1163 1164
1165 1164 1163
1164 1165 1166
1167 1166 1165
1167 1168 1166
1168 1167 1169
1167 1170 1169
1170 1171 1169
1167 1165 1172
1170 1167 1172
1171 1170 1173
1173 1170 1172
1174 1171 1173
1165 1163 1175
1165 1175 1172
1172 1176 1173
1174 1173 1176
1177 1172 1175
1172 1177 1176
1163 1178 1175
1179 1174 1176
1180 1177 1175
1178 1181 1175
1175 1182 1180
1175 1181 1182
1183 1176 1177
1179 1176 1183
1177 1180 1184
1185 1177 1184
1177 1185 1183
1178 1186 1181
1183 1187 1179
1188 1186 1178
1163 1188 1178
1188 1189 1186
1183 1185 1190
1188 1191 1189
1192 1187 1183
1183 1190 1192
1193 1189 1191
1187 1192 1194
1195 1163 1161
1161 1196 1195
1161 1150 1196
1197 1198 1199
1198 1197 1200
1200 1201 1198
1201 1200 1202
1202 1203 1201
1203 1202 1204
1204 1205 1203
1205 1204 1206
1206 1207 1205
1207 1206 1208
1206 1209 1208
1209 1206 1210
1210 1211 1209
1211 1210 1212
1206 1213 1210
1213 1206 1204
1210 1214 1212
1214 1210 1213
1204 1215 1213
1215 1204 1202
1215 1202 1200
1213 1216 1214
1216 1213 1215
1215 1217 1216
1217 1215 1218
1219 1217 1218
1217 1219 1220
1221 1207 1208
1221 1208 1209
1221 1209 1211
1219 1222 1220
1197 1219 1218
1197 1218 1200
1215 1200 1218
1199 1223 1197
1199 1224 1223
1224 1225 1223
1224 1226 1225
1226 1227 1225
1228 1227 1226
1229 1230 1231
1230 1229 1232
1233 1231 1230
1231 1233 1234
1235 1234 1233
1234 1235 1236
1237 1230 1232
1230 1237 1238
1238 1233 1230
1233 1238 1239
1235 1233 1239
1240 1236 1235
1241 1232 1229
1241 1237 1232
1242 1240 1235
1243 1240 1242
1243 1242 1244
1245 1243 1244
1242 1235 1246
1235 1239 1246
1242 1247 1244
1242 1246 1247
1248 1244 1247
1249 1250 1251
1250 1249 1252
1253 1249 1251
1254 1252 1249
1252 1254 1255
1252 1256 1250
1256 1252 1255
1255 1257 1256
1257 1255 1258
1258 1255 1254
1259 1257 1258
1260 1259 1258
1258 1254 1260
1259 1260 1261
1257 1259 1262
1263 1262 1259
1262 1263 1264
1263 1265 1264
1265 1263 1266
1266 1267 1265
1267 1266 1268
1269 1268 1266
1268 1269 1270
1268 1271 1267
1271 1268 1272
1268 1273 1272
1273 1268 1270
1272 1274 1271
1274 1272 1275
1272 1276 1275
1276 1272 1273
1277 1274 1275
1274 1277 1278
1275 1279 1277
1279 1275 1276
1266 1280 1269
1263 1280 1266
1281 1280 1263
1281 1263 1259
1259 1261 1281
1282 1278 1277
1278 1282 1283
1284 1283 1282
1282 1285 1284
1277 1285 1282
1285 1277 1279
1286 1287 1288
1287 1286 1289
1289 1290 1287
1290 1289 1291
1291 1292 1290
1292 1291 1293
1293 1294 1292
1294 1293 1295
1296 1286 1288
1297 1298 1299
1298 1297 1300
1301 1300 1297
1300 1301 1302
1301 1303 1302
1303 1301 1304
1305 1302 1303
1302 1305 1306
1306 1300 1302
1303 1307 1305
1307 1303 1308
1304 1308 1303
1308 1304 1309
1310 1305 1307
1305 1310 1311
1308 1312 1307
1312 1308 1313
1309 1313 1308
1313 1309 1314
1315 1307 1312
1307 1315 1310
1300 1306 1316
1316 1306 1317
1317 1318 1316
1318 1319 1316
1318 1320 1319
1321 1319 1320
1319 1321 1322
1323 1322 1321
1324 1323 1321
1324 1325 1323
1324 1321 1326
1320 1326 1321
1326 1327 1324
1327 1326 1320
1319 1322 1298
1328 1298 1322
1299 1298 1328
1299 1328 1329
1328 1330 1329
1330 1331 1329
1331 1330 1332
1331 1332 1333
1334 1327 1320
1320 1335 1334
1335 1336 1334
1336 1335 1337
1317 1337 1335
1337 1317 1338
1338 1339 1337
1339 1336 1337
1339 1338 1340
1336 1339 1341
1342 1341 1339
1340 1342 1339
1341 1342 1343
1342 1340 1344
1345 1342 1344
1342 1345 1346
1346 1343 1342
1343 1346 1347
1348 1346 1345
1346 1348 1349
1349 1347 1346
1347 1349 1350
1349 1351 1350
1348 1351 1349
1318 1317 1335
1320 1318 1335
1352 1353 1354
1353 1352 1355
1356 1355 1352
1355 1356 1357
1358 1356 1352
1352 1354 1358
1356 1358 1359
1360 1359 1358
1361 1360 1358
1354 1361 1358
1360 1361 1362
1359 1360 1363
1357 1356 1364
1359 1364 1356
1364 1359 1365
1363 1365 1359
1366 1354 1353
1366 1367 1354
1354 1367 1361
1160 1367 1366
1160 1159 1367
1367 1159 1368
1361 1367 1368
1159 1158 1368
1158 1369 1368
1368 1369 1361
1369 1362 1361
1365 1363 1370
1370 1363 1371
1372 1370 1371
1370 1372 1373
1374 1373 1372
1373 1374 1375
1365 1376 1364
1377 1364 1376
1378 1364 1377
1377 1376 1379
1380 1379 1376
1381 1370 1373
1381 1373 1375
1370 1381 1365
1376 1365 1381
1376 1382 1380
1383 1375 1374
1382 1376 1384
1376 1381 1385
1385 1384 1376
1383 1374 1386
1387 1383 1386
1383 1387 1388
1387 1389 1388
1389 1387 1390
1385 1381 1391
1388 1391 1383
1375 1391 1381
1383 1391 1375
1384 1392 1382
1393 1384 1385
1392 1384 1393
1385 1391 1394
1394 1391 1388
1394 1388 1389
1395 1393 1385
1394 1395 1385
1395 1394 1396
1389 1396 1394
1397 1392 1393
1396 1398 1395
1399 1393 1395
1399 1397 1393
1400 1396 1389
1390 1400 1389
1401 1396 1400
1398 1396 1402
1396 1401 1402
1401 1400 1403
1404 1395 1398
1404 1399 1395
1402 1401 1405
1406 1401 1403
1405 1401 1406
1407 1403 1400
1400 1390 1407
1398 1402 1408
1398 1408 1404
1409 1405 1406
1403 1410 1406
1410 1411 1406
1409 1406 1411
1411 1412 1409
1412 1411 1413
1411 1410 1414
1414 1413 1411
1415 1412 1413
1412 1415 1416
1413 1414 1417
1417 1415 1413
1415 1417 1418
1412 1419 1409
1419 1405 1409
1419 1412 1420
1416 1420 1412
1420 1416 1421
1415 1422 1416
1422 1415 1423
1418 1423 1415
1423 1424 1422
1424 1423 1425
1425 1426 1424
1426 1425 1427
1428 1427 1425
1427 1428 1429
1430 1424 1426
1424 1430 1431
1431 1422 1424
1425 1432 1428
1432 1425 1423
1423 1418 1432
1422 1431 1433
1427 1434 1426
1434 1427 1435
1429 1435 1427
1435 1436 1434
1437 1436 1435
1435 1429 1437
1436 1438 1434
1426 1438 1430
1438 1426 1434
1433 1416 1422
1416 1433 1421
1439 1440 1441
1440 1439 1442
1443 1441 1440
1441 1443 1444
1439 1445 1442
1442 1445 1446
1446 1445 1447
1447 1445 1448
1446 1449 1442
1440 1442 1449
1449 1446 1450
1446 1451 1450
1446 1452 1451
1452 1446 1447
1452 1453 1451
1453 1454 1451
1453 1455 1454
1456 1453 1452
1456 1447 1448
1447 1456 1452
1457 1453 1456
1457 1458 1453
1453 1458 1459
1453 1459 1455
1458 1460 1459
1460 1455 1459
1460 1461 1455
1461 1454 1455
1454 1462 1451
1450 1451 1462
1461 1463 1454
1463 1462 1454
1450 1462 1464
1462 1463 1465
1465 1464 1462
1466 1450 1464
1466 1464 1465
1466 1467 1450
1449 1450 1467
1468 1449 1467
1449 1468 1440
1469 1466 1465
1470 1467 1466
1470 1468 1467
1471 1470 1466
1469 1471 1466
1443 1440 1468
1472 1468 1470
1468 1472 1443
1473 1470 1471
1473 1472 1470
1474 1471 1469
1474 1473 1471
1475 1443 1472
1443 1475 1444
1476 1474 1469
1477 1444 1475
1478 1472 1473
1472 1478 1475
1473 1474 1479
1473 1479 1478
1480 1477 1475
1474 1476 1481
1481 1479 1474
1481 1482 1479
1478 1479 1482
1482 1481 1483
1483 1484 1482
1484 1483 1485
1485 1486 1484
1487 1484 1486
1484 1487 1488
1488 1482 1484
1489 1488 1487
1488 1489 1490
1490 1491 1488
1491 1478 1482
1488 1491 1482
1491 1490 1492
1478 1491 1492
1493 1490 1489
1486 1485 1494
1487 1495 1489
1496 1489 1495
1496 1493 1489
1495 1487 1497
1486 1497 1487
1497 1486 1498
1494 1498 1486
1499 1496 1495
1496 1499 1500
1498 1494 1501
1495 1502 1499
1502 1495 1497
1498 1502 1497
1502 1498 1503
1501 1503 1498
1503 1501 1504
1505 1499 1502
1503 1505 1502
1499 1505 1506
1506 1500 1499
1505 1503 1507
1504 1507 1503
1507 1504 1508
1505 1509 1506
1509 1510 1506
1500 1506 1510
1510 1509 1511
1509 1505 1512
1507 1512 1505
1512 1507 1513
1508 1513 1507
1513 1508 1514
1509 1515 1511
1515 1509 1516
1512 1516 1509
1516 1512 1517
1518 1512 1513
1512 1518 1517
1514 1518 1513
1518 1514 1519
1516 1520 1515
1520 1516 1521
1522 1516 1517
1516 1522 1521
1523 1517 1518
1517 1523 1522
1524 1518 1519
1518 1524 1523
1525 1520 1521
1525 1521 1522
1522 1523 1525
1523 1524 1525
1526 1527 1528
1527 1526 1529
1528 1530 1526
1530 1528 1531
1531 1532 1530
1532 1531 1533
1533 1534 1532
1534 1533 1535
1536 1535 1533
1535 1536 1537
1533 1538 1536
1538 1533 1531
1531 1539 1538
1539 1531 1528
1540 1528 1527
1528 1540 1539
1541 1537 1536
1538 1541 1536
1537 1541 1542
1541 1538 1543
1544 1538 1539
1538 1544 1543
1545 1539 1540
1539 1545 1544
1543 1546 1541
1541 1546 1542
1546 1543 1547
1548 1544 1545
1544 1548 1549
1543 1544 1549
1548 1550 1549
1550 1548 1551
1552 1549 1550
1549 1552 1553
1553 1543 1549
1551 1554 1550
1554 1551 1555
1556 1550 1554
1550 1556 1552
1555 1557 1554
1557 1555 1558
1559 1554 1557
1554 1559 1556
1558 1560 1557
1560 1558 1561
1562 1557 1560
1557 1562 1559
1561 1563 1560
1563 1561 1564
1565 1560 1563
1560 1565 1562
1563 1566 1565
1566 1563 1567
1563 1568 1567
1568 1563 1564
1567 1569 1566
1569 1567 1570
1567 1571 1570
1571 1567 1568
1570 1572 1569
1572 1570 1573
1570 1574 1573
1574 1570 1571
1573 1575 1572
1575 1573 1576
1573 1577 1576
1577 1573 1574
1576 1578 1575
1578 1576 1579
1576 1580 1579
1580 1576 1577
1580 1581 1579
1581 1580 1582
1582 1583 1581
1584 1581 1583
1581 1584 1585
1579 1585 1578
1585 1579 1581
1583 1582 1586
1583 1587 1584
1587 1583 1588
1586 1588 1583
1588 1589 1587
1589 1588 1590
1591 1589 1590
1589 1591 1592
1593 1592 1591
1592 1593 1594
1595 1594 1593
1596 1595 1593
1591 1596 1593
1596 1591 1597
1590 1597 1591
1597 1590 1598
1588 1586 1599
1590 1599 1598
1599 1590 1588
1600 1601 1602
1601 1600 1603
1601 1604 1602
1604 1601 1605
1602 1606 1600
1606 1602 1607
1608 1602 1604
1602 1608 1607
1607 1609 1606
1609 1607 1610
1611 1607 1608
1607 1611 1610
1610 1612 1609
1612 1610 1613
1614 1610 1611
1610 1614 1613
1601 1603 1615
1603 1616 1615
1616 1617 1615
1618 1612 1613
1618 1613 1614
1616 1619 1617
1616 1620 1619
1621 1619 1620
1621 1622 1619
1621 1623 1622
1624 1625 1626
1626 1625 1627
1626 1627 1628
1628 1627 1629
1628 1629 1630
1631 1630 1629
1630 1631 1632
1632 1633 1630
1633 1632 1634
1635 1633 1634
1633 1635 1636
1637 1632 1631
1632 1637 1638
1639 1632 1638
1632 1639 1634
1640 1634 1639
1634 1640 1635
1637 1641 1638
1641 1639 1638
1641 1637 1642
1639 1641 1643
1644 1639 1643
1639 1644 1640
1645 1630 1633
1645 1633 1636
1645 1628 1630
1646 1645 1636
1646 1636 1647
1648 1646 1647
1648 1647 1649
1648 1649 1650
1648 1650 1651
1641 1642 1652
1643 1641 1652
1644 1643 1652
1653 1654 1655
1654 1653 192
178 1655 1654
178 1654 183
179 1655 178
1654 188 183
1654 192 188
179 1656 1655
1653 1655 1656
1657 1656 179
1657 1658 1656
1658 1653 1656
1653 191 192
1659 1658 1657
191 1653 204
1658 1660 1653
204 1653 209
1653 218 209
1659 1661 1658
1659 1662 1661
1658 1661 1663
1662 1664 1661
1664 1663 1661
1662 1665 1664
1658 1663 1666
1658 1666 1660
1665 1667 1664
1668 1667 1665
1668 1665 1669
1664 1667 1670
1664 1670 1671
1664 1671 1663
1670 1672 1671
1672 1670 1673
1673 1674 1672
1674 1673 1675
1676 1674 1675
1674 1676 1677
1678 1677 1676
1677 1678 1679
1680 1679 1678
1679 1680 1681
1682 1681 1680
1681 1682 1683
1684 1671 1672
1671 1684 1663
1663 1684 1685
1684 1686 1685
1686 1684 1687
1677 1687 1674
1688 1686 1687
1687 1677 1688
1679 1688 1677
1686 1688 1689
1688 1690 1689
1690 1688 1691
1688 1679 1691
1691 1692 1690
1692 1691 1693
1693 1679 1681
1679 1693 1691
1693 1694 1692
1694 1693 1695
1695 1681 1683
1681 1695 1693
1695 1696 1694
1695 1683 1696
1683 1697 1696
1698 1696 1697
1696 1698 1699
1699 1700 1696
1696 1700 1694
1700 1699 1701
1701 1699 1702
1698 1702 1699
1690 1703 1689
1703 1690 1704
1692 1704 1690
1704 1692 1705
1694 1705 1692
1705 1694 1706
1700 1706 1694
1683 1682 1697
1689 1703 1707
1689 1707 1686
1685 1686 1707
1707 1708 1685
1666 1685 1708
1660 1666 1708
1666 1663 1685
1709 1710 1711
1710 1709 1712
1712 1713 1710
1713 1712 1714
1714 1715 1713
1715 1714 1716
1717 1715 1716
1715 1717 1718
1711 1719 1709
1720 1719 1711
1720 1721 1719
1719 1721 1722
1709 1719 1722
1722 1723 1709
1712 1709 1723
1724 1712 1723
1714 1712 1724
1714 1724 1725
1716 1714 1725
1716 1725 1726
1717 1716 1726
1717 1726 1727
1728 1717 1727
1728 1718 1717
1729 136 1730
136 1729 134
139 1730 136
1730 139 1731
1730 1732 1729
1732 1730 1733
1731 1733 1730
1733 1734 1732
1734 1733 1735
1735 1736 1734
1736 1735 1737
1738 1735 1733
1733 1731 1738
1735 1738 1739
1735 1740 1737
1740 1735 1739
1737 1741 1736
1741 1737 1742
1737 1743 1742
1743 1737 1740
1744 1741 1742
1744 1742 1743
159 1745 139
159 1746 1745
1746 1747 1745
1747 1746 1748
1749 1748 1746
1749 1746 159
1748 1749 1750
1750 1751 1748
1752 1748 1751
1748 1752 1753
1747 1748 1753
1751 1750 1754
1755 1752 1751
1755 1751 1754
159 158 1749
1756 1757 1758
1757 1756 1759
1757 1760 1758
1759 1756 1761
1759 1761 1762
1761 1763 1762
1763 1764 1762
1765 1764 1763
1764 1765 1766
1765 1767 1766
1767 1765 1768
1768 1769 1767
1769 1768 1770
1770 1771 1769
1771 1770 1772
1773 1764 1766
1764 1773 1774
1764 1774 1762
1775 1769 1771
1769 1775 1776
1776 1767 1769
1777 1766 1767
1766 1777 1773
1767 1776 1777
1778 1776 1775
1776 1778 1779
1779 1777 1776
1777 1779 1780
1780 1773 1777
1773 1780 1781
1781 1774 1773
1774 1781 1782
1782 1783 1774
1783 1782 1784
1772 1785 1771
1785 1775 1771
1785 1778 1775
1774 1783 1762
1783 1759 1762
1783 1784 1786
1786 1787 1783
1788 1787 1786
1789 1790 1791
1792 1790 1789
1789 1793 1792
1789 1794 1793
1789 1791 1794
1791 1795 1794
1796 1794 1795
1794 1796 1797
1798 1794 1797
1794 1798 1799
1794 1799 1793
1800 1797 1796
1797 1800 1801
1802 1797 1801
1797 1802 1798
1800 1803 1801
1803 1802 1801
1792 1804 1790
1790 1805 1791
1790 1806 1805
1806 1790 1807
1807 1808 1806
1807 1809 1808
1809 1810 1808
1810 1811 1808
1810 1812 1811
1812 1813 1811
1814 1815 1816
1815 1814 1817
1818 1817 1814
1817 1818 1819
1820 1817 1819
1817 1820 1821
1821 1822 1817
1815 1817 1822
1822 1821 1823
1824 1819 1818
1819 1824 1825
1819 1826 1820
1826 1819 1825
1815 1827 1816
1823 1828 1822
1828 1829 1822
1830 1825 1824
1825 1830 1831
1832 1831 1830
1832 1833 1831
1825 1833 1826
1833 1825 1831
1834 1835 1836
1835 1834 1837
1838 1834 1836
1839 1838 1836
1839 1836 1840
1840 1841 1839
1840 1842 1841
1842 1843 1841
1842 1844 1843
1845 1843 1844
1844 1846 1845
1846 1844 1847
1848 1846 1847
1847 1849 1848
1850 1848 1849
1850 1849 1851
1850 1851 1852
1852 1853 1850
1852 1854 1853
1855 1853 1854
1854 1856 1855
1856 1854 1857
1857 1858 1856
1847 1844 1859
1860 1861 1862
1861 1860 1863
1863 1864 1861
1862 1865 1860
1862 1866 1865
1866 1867 1865
1866 1868 1867
1868 1869 1867
1869 1870 1867
1869 1871 1870
1871 1872 1870
1870 1872 1873
1874 1873 1872
1873 1874 1875
1871 1876 1872
1872 1876 1874
1877 1875 1874
1877 1878 1875
1877 1879 1878
1879 1877 1880
1880 1881 1879
1881 1880 1882
1883 1882 1880
1877 1883 1880
1882 1883 1884
1882 1885 1881
1886 1881 1885
1881 1886 1887
1887 1879 1881
1885 1882 1888
1884 1888 1882
1888 1884 1889
1890 1889 1884
1889 1890 1891
1891 1892 1889
1892 1891 1893
1894 1893 1891
1894 1891 1890
1893 1894 1895
1895 1896 1893
1896 1895 1897
1897 1898 1896
1898 1897 1899
1899 1900 1898
1900 1899 1901
1901 1902 1900
1902 1901 1903
1903 1904 1902
1904 1903 1905
1906 1893 1896
1893 1906 1892
1907 1902 1904
1902 1907 1908
1908 1900 1902
1909 1896 1898
1896 1909 1906
1910 1908 1907
1908 1910 1911
1900 1908 1912
1912 1898 1900
1898 1912 1909
1911 1912 1908
1913 1906 1909
1906 1913 1914
1914 1892 1906
1892 1914 1915
1915 1889 1892
1889 1915 1888
1916 1915 1914
1915 1916 1917
1888 1915 1917
1912 1911 1918
1918 1909 1912
1909 1918 1913
1914 1919 1916
1919 1914 1920
1921 1919 1920
1919 1921 1922
1922 1923 1919
1916 1919 1923
1923 1922 1924
1925 1922 1921
1922 1925 1926
1926 1924 1922
1924 1926 1927
1928 1926 1925
1926 1928 1929
1929 1927 1926
1927 1929 1930
1931 1929 1928
1929 1931 1932
1933 1929 1932
1929 1933 1930
1932 1931 1934
1933 1932 1934
1916 1923 1935
1935 1936 1916
1916 1936 1937
1937 1917 1916
1937 1885 1917
1886 1885 1937
1917 1885 1888
1938 1939 1940
1939 1941 1940
1941 1939 1942
1943 1941 1942
1944 1943 1942
1943 1944 1945
1945 1944 1946
1946 1944 1947
1946 1947 1948
1948 1949 1946
1950 1948 1947
1949 1948 1951
1948 1952 1951
1952 1953 1951
1952 1954 1953
1954 1952 1955
1955 1956 1954
1956 1955 1957
1957 1883 1956
1883 1957 1958
1952 1959 1955
1960 1959 1952
1950 1960 1948
1960 1952 1948
1959 1961 1955
1955 1961 1957
1874 1954 1956
1956 1877 1874
1877 1956 1883
1957 1961 1962
1962 1958 1957
1890 1958 1962
1884 1883 1958
1884 1958 1890
1876 1953 1954
1876 1954 1874
1890 1963 1894
1964 1965 1966
1966 1965 1967
1965 1968 1967
1969 1967 1968
1970 1966 1967
1966 1970 1971
1964 1966 1971
1972 1964 1971
1964 1972 1973
1974 1973 1972
1973 1974 1975
1971 1976 1972
1976 1971 1977
1970 1977 1971
1978 1975 1974
1975 1978 1979
1980 1972 1976
1972 1980 1974
1981 1976 1977
1976 1981 1982
1982 1980 1976
1983 1979 1978
1979 1983 1984
1974 1985 1978
1985 1974 1980
1978 1986 1983
1986 1978 1985
1980 1982 1987
1988 1984 1983
1984 1988 1989
1981 1990 1982
1990 1981 1991
1980 1992 1985
1992 1980 1987
1983 1993 1988
1993 1983 1986
1985 1994 1986
1994 1985 1992
1986 1995 1993
1995 1986 1994
1990 1996 1982
1996 1990 1997
1997 1998 1996
1998 1997 1999
1999 2000 1998
2000 1999 2001
2001 2002 2000
2002 2001 2003
2004 2003 2001
2001 1999 2004
2003 2004 2005
2003 2006 2002
2006 2003 2007
2005 2007 2003
2007 2005 2008
1999 1997 2009
1999 2009 2004
1997 2010 2009
1997 1990 2010
2011 2010 1990
1990 1991 2011
1991 2012 2011
1991 2013 2012
2014 2013 1991
2015 2013 2014
2014 2016 2015
2017 2016 2014
2014 2018 2017
2018 1970 2017
1970 2018 1977
2018 2014 1981
2018 1981 1977
1991 1981 2014
2019 2015 2016
2020 2019 2016
2011 2012 2021
2012 2022 2021
2022 2023 2021
2022 2024 2023
2023 2024 2025
2026 2023 2025
2027 2028 2029
2028 2027 2030
2029 2028 2031
2031 1836 2029
1836 2031 1840
2031 2032 1840
2032 2031 2033
2033 2031 2028
1836 2034 2029
1835 2034 1836
2029 2034 2035
2029 2035 2027
1835 2036 2034
2034 2036 2037
2034 2037 2035
2030 2027 2038
2038 2027 2035
2036 1835 2039
2035 2040 2038
2035 2037 2040
2036 2039 2041
2037 2042 2040
2043 2042 2037
2036 2043 2037
2036 2041 2043
2042 2043 2044
2045 2043 2041
2044 2043 2045
2045 2041 2046
2047 2044 2045
2045 2046 2048
2045 2048 2049
2047 2045 2050
2050 2045 2049
2049 2051 2050
2051 2049 2052
2053 2049 2048
2053 2052 2049
2053 2048 2054
2053 2054 2055
2056 2052 2053
2053 2055 2056
2055 2057 2056
2056 2057 2058
2059 2058 2057
2059 2060 2058
2061 2060 2059
2062 2060 2061
2063 2060 2062
2060 2063 2064
2065 2064 2063
2065 2066 2064
2067 2066 2065
2067 2065 2068
2066 2067 2069
2070 2069 2067
2070 2067 2071
2072 2060 2064
2060 2072 2058
2058 2072 2073
2073 2072 2074
2074 2075 2073
2075 2076 2073
2077 2073 2076
2076 2078 2077
2078 2076 2079
2073 2077 2058
2058 2077 2056
2077 2078 2080
2077 2080 2056
2079 2081 2078
2081 2080 2078
2056 2080 2052
2080 2082 2052
2080 2081 2082
2052 2082 2051
2083 2084 2085
2084 2083 2086
2087 2084 2086
2084 2087 2088
2089 2086 2083
2086 2089 2090
2091 2086 2090
2086 2091 2087
2092 2084 2088
2088 2093 2092
2089 2094 2090
2090 2094 2091
2093 2095 2092
2095 2096 2092
2097 2085 2084
2098 2097 2084
2099 2100 2101
2100 2099 2102
2101 2103 2099
2103 2101 2104
2104 2105 2103
2105 2104 2106
2106 2107 2105
2107 2106 2108
2109 2107 2108
2107 2109 2110
2111 2110 2109
2110 2111 2112
2113 2112 2111
2112 2113 2114
2115 2114 2113
2114 2115 2116
2117 2116 2115
2116 2117 2118
2119 2118 2117
2118 2119 2120
2121 2120 2119
2120 2121 2122
2123 2122 2121
2122 2123 2124
2125 2124 2123
2124 2125 2126
2125 2127 2126
2127 2125 2128
2128 2129 2127
2129 2128 2130
2130 2131 2129
2132 2133 2134
2133 2132 2135
2136 2135 2132
2137 2138 2133
2138 2137 2139
2140 2141 2137
2141 2140 2142
2143 2136 2144
2145 2146 2147
2146 2145 2148
2146 2149 2147
2149 2146 2150
2147 2151 2145
2151 2147 2152
2147 2153 2152
2153 2147 2149
2154 2151 2152
2151 2154 2155
2152 2156 2154
2156 2152 2153
2157 2155 2154
2155 2157 2158
2154 2159 2157
2159 2154 2156
2160 2158 2157
2158 2160 2161
2157 2162 2160
2162 2157 2159
2160 2163 2161
2163 2160 2162
2164 2148 2165
1542 2164 2165
2166 1542 2165
1537 1542 2166
2167 1537 2166
2167 1535 1537
1535 2167 1534
1534 2167 2168
2168 2169 1534
2168 2170 2169
2170 2171 2169
2169 2171 2172
2171 2173 2172
2173 2174 2172
2175 2174 2173
2175 2176 2174
2175 2177 2176
2175 2173 2178
2178 2173 2171
2176 2179 2174
2176 2180 2179
2181 2174 2179
2174 2181 2172
2180 2182 2179
2179 2182 2181
2182 2180 2183
2184 2183 2180
2184 2180 2185
2186 2184 2185
2186 2187 2184
2188 2186 2185
2188 2185 2189
2185 2180 2189
2189 2180 2176
2189 2190 2188
2190 2189 2176
2177 2190 2176
2184 2187 2191
2192 2183 2184
2191 2192 2184
2183 2192 2193
2182 2183 2193
2192 2194 2193
2194 2195 2193
2182 2193 2195
2182 2196 2181
2181 2196 2172
2197 2172 2196
2172 2197 2169
2195 2194 1529
1532 2197 2196
2197 1532 2169
2195 1529 1526
2195 1526 1530
1530 1532 2196
2195 1530 2198
1530 2196 2198
2195 2198 2182
2182 2198 2196
1532 1534 2169
2199 2200 2201
2200 2199 2202
2203 2200 2202
2200 2203 2204
2205 2204 2203
2204 2205 2206
2205 2207 2206
2207 2205 2208
2209 2207 2208
2207 2209 2210
2199 2201 2211
2209 2212 2210
2213 2212 2209
2214 2212 2213
2215 2214 2213
2216 2215 2213
2214 2215 2217
2212 2214 2218
2213 2219 2216
2219 2220 2216
2221 2220 2219
2221 2222 2220
2223 2222 2221
2222 2223 2224
2225 2224 2223
2226 2214 2217
2226 2218 2214
2227 2228 2229
2228 2227 2230
2231 2230 2227
2230 2231 2232
2232 2233 2230
2233 2228 2230
2233 2232 2234
2231 2235 2232
2235 2231 2236
2232 2237 2234
2237 2232 2235
2236 2238 2235
2238 2236 2239
2235 2240 2237
2240 2235 2238
2239 2241 2238
2241 2239 2242
2238 2243 2240
2243 2238 2241
2242 2244 2241
2244 2242 2245
2241 2246 2243
2246 2241 2244
2245 2247 2244
2247 2245 2248
2248 2249 2247
2249 2248 2250
2251 2247 2249
2247 2251 2252
2244 2252 2246
2252 2244 2247
2250 2253 2249
2253 2250 2254
2254 2255 2253
2255 2254 2256
2257 2249 2253
2249 2257 2251
2258 2253 2255
2253 2258 2257
2259 2255 2256
2255 2259 2258
2260 2261 2262
2263 2260 2262
2261 2264 2262
2265 2264 2261
2264 2265 2266
2267 2264 2266
2264 2267 2268
2269 2268 2267
2268 2269 2270
2270 2271 2268
2264 2268 2271
2271 2270 2272
2273 2266 2265
2266 2273 2274
2275 2266 2274
2266 2275 2267
2276 2267 2275
2267 2276 2269
2273 2277 2274
2277 2273 2278
2279 2274 2277
2274 2279 2275
2280 2275 2279
2275 2280 2276
2272 2281 2271
2281 2282 2271
2282 2281 2283
2283 2284 2282
2271 2282 2285
2264 2271 2285
2285 2262 2264
2286 2277 2278
2279 2277 2286
2280 2279 2286
2287 2288 2289
2288 2287 2290
2291 2289 2288
2291 2292 2289
2291 2293 2292
2294 2287 2289
2294 2289 2295
2294 2296 2287
2290 2287 2297
2297 2287 2296
2297 2296 2298
2297 2299 2290
2297 2300 2299
2300 2297 2301
2301 2302 2300
2302 2301 2303
2301 2304 2303
2304 2301 2305
2305 2297 2298
2305 2301 2297
2306 2303 2304
2303 2306 2307
2308 2303 2307
2303 2308 2302
2306 2309 2307
2309 2306 2310
2311 2307 2309
2307 2311 2308
2310 2312 2309
2312 2310 2313
2314 2309 2312
2309 2314 2311
2313 2315 2312
2315 2313 2316
2317 2312 2315
2312 2317 2314
2316 2318 2315
2315 2318 2317
2319 2320 2321
2320 2319 2322
2323 2319 2321
2319 2323 2324
2324 2325 2319
2325 2324 2326
2327 2324 2323
2324 2327 2328
2328 2326 2324
2326 2328 2329
2330 2322 2319
2330 2319 2325
2330 2331 2322
2331 2332 2322
2332 2333 2322
2332 2334 2333
2332 2335 2334
2336 2334 2335
2337 2336 2335
2337 2338 2336
2327 2339 2328
2328 2339 2329
2340 2341 2342
2341 2340 2343
2344 2341 2343
2341 2344 2345
2345 2346 2341
2346 2345 2347
2348 2346 2347
2346 2348 2349
2348 2350 2349
2351 2342 2341
2351 2352 2342
2351 2353 2352
2343 2354 2344
2354 2343 2355
2356 2354 2355
2356 2355 2357
2343 2357 2355
2357 2343 2340
2358 2359 2360
2359 2358 2361
2362 2359 2361
2359 2362 2363
2364 2360 2359
2363 2364 2359
2360 2364 2365
2364 2363 2366
2367 2365 2364
2366 2367 2364
2365 2367 2368
2367 2366 2369
2370 2368 2367
2368 2370 2371
2367 2372 2370
2372 2367 2369
2373 2371 2370
2371 2373 2374
2370 2375 2373
2375 2370 2372
2376 2374 2373
2374 2376 2377
2373 2378 2376
2378 2373 2375
2379 2377 2376
2377 2379 2380
2381 2376 2378
2376 2381 2379
2382 2380 2379
2382 2379 2381
2383 2384 2385
2384 2383 2386
2387 2388 2384
2388 2387 2389
2390 2391 2387
2391 2390 2392
2393 2390 2394
2390 2393 2395
2396 2394 2397
2394 2396 2398
2399 2397 2400
2397 2399 2401
2402 2400 2403
2400 2402 2404
2405 2403 2406
2403 2405 2407
2408 2406 2409
2406 2408 2410
2411 2412 2409
2412 2411 2413
2414 2415 2411
2415 2414 2416
2417 2418 2414
2418 2417 2419
2417 2420 2421
2422 2423 2424
2423 2422 2425
2426 2425 2422
2425 2426 2427
2426 2428 2427
2429 2427 2428
2427 2429 2430
2428 2431 2429
2431 2428 2432
2428 2426 2433
2434 2428 2433
2428 2434 2432
2432 2435 2431
2435 2432 2436
2432 2437 2436
2437 2432 2434
2436 2438 2435
2438 2436 2439
2436 2440 2439
2440 2436 2437
2441 2427 2430
2441 2425 2427
2442 2425 2441
2442 2423 2425
2423 2442 2443
2442 2444 2443
2443 2445 2423
2424 2423 2445
2424 2445 2446
2446 2445 2447
2448 2446 2447
2449 2446 2448
2449 2450 2446
2450 2449 2451
2452 2450 2451
2450 2452 2453
2454 2452 2451
2452 2454 2455
2455 2453 2452
2456 2454 2451
2451 2457 2456
2457 2458 2456
2456 2458 2459
2453 2455 2460
2461 2460 2455
2460 2461 2462
2461 2463 2462
2463 2461 2464
2465 2464 2461
2465 2461 2455
2454 2465 2455
2465 2466 2464
2466 2467 2464
2467 2466 2468
2468 2469 2467
2470 2467 2469
2467 2470 2471
2464 2471 2463
2471 2464 2467
2469 2468 2472
2469 2473 2470
2473 2469 2474
2472 2474 2469
2474 2472 2475
2474 2476 2473
2476 2474 2477
2478 2474 2475
2474 2478 2477
2479 2476 2477
2479 2477 2478
2480 2481 2482
2481 2480 2483
2484 2480 2482
2480 2484 2485
2484 2486 2485
2486 2484 2487
2488 2482 2481
2482 2488 2489
2490 2482 2489
2482 2490 2484
2490 2487 2484
2487 2490 2491
2489 2492 2490
2492 2491 2490
2492 2489 2493
2491 2492 2494
2493 2495 2492
2495 2494 2492
2495 2493 2496
2497 2496 2493
2497 2489 2488
2489 2497 2493
2496 2497 2498
2494 2495 2499
2500 2485 2486
2500 2480 2485
2500 2501 2480
2501 2483 2480
2501 2502 2483
2502 2501 2503
2502 2503 2504
2496 2498 2505
2505 2495 2496
2505 2499 2495
2506 2507 2500
2508 2506 2500
2486 2508 2500
2506 2509 2507
2510 2509 2506
2509 2510 2511
2512 2509 2511
2509 2512 2513
2511 2514 2512
2514 2511 2515
2511 2516 2515
2516 2511 2510
2515 2517 2514
2517 2515 2518
2515 2519 2518
2519 2515 2516
2518 2520 2517
2520 2518 2521
2518 2522 2521
2522 2518 2519
2523 2521 2522
2521 2523 2524
2524 2520 2521
2520 2524 2525
2524 2526 2525
2523 2526 2524
2527 2528 2529
2529 2530 2527
2528 2531 2529
2528 2532 2531
2533 2531 2532
2532 2534 2533
2535 2533 2534
2533 2535 2536
2537 2536 2535
2538 2533 2536
2538 2536 2539
2537 2539 2536
2534 2532 2540
2539 2537 2541
2542 2541 2537
2543 2542 2537
2543 2537 2535
2542 2543 2544
2545 2542 2544
2542 2545 2546
2547 2542 2546
2542 2547 2548
2548 2541 2542
2546 2549 2547
2549 2546 2550
2543 2551 2544
2551 2543 2552
2550 2553 2549
2553 2550 2554
2546 2555 2550
2555 2546 2545
2554 2556 2553
2556 2554 2557
2550 2558 2554
2558 2550 2555
2551 2559 2544
2559 2551 2560
2551 2561 2560
2561 2551 2562
2554 2563 2557
2563 2554 2558
2557 2564 2556
2564 2557 2565
2557 2566 2565
2566 2557 2563
2560 2567 2559
2567 2560 2568
2569 2560 2561
2560 2569 2568
2568 2570 2567
2570 2568 2571
2572 2568 2569
2568 2572 2571
2571 2573 2570
2573 2571 2574
2575 2571 2572
2571 2575 2574
2574 2576 2573
2576 2574 2577
2578 2574 2575
2574 2578 2577
2579 2564 2565
2566 2579 2565
2576 2577 2580
2580 2577 2578
2581 2582 2583
2582 2581 2584
2584 2585 2582
2585 2584 2586
2587 2581 2583
2586 2588 2585
2586 2589 2588
2589 2590 2588
2590 2591 2588
2591 2590 2592
2590 2593 2592
2593 2590 2594
2595 2592 2593
2592 2595 2596
2597 2592 2596
2592 2597 2591
2598 2594 2590
2598 2590 2589
2598 2599 2594
2600 2599 2598
2600 2601 2599
2602 2596 2595
2602 2597 2596
2603 2604 2605
2604 2603 2606
2607 2603 2605
2603 2607 2608
2609 2608 2607
2608 2609 2610
2611 2609 2607
2609 2611 2612
2613 2610 2609
2610 2613 2614
2609 2615 2613
2615 2609 2612
2616 2614 2613
2614 2616 2617
2613 2618 2616
2618 2613 2615
2619 2617 2616
2617 2619 2620
2616 2621 2619
2621 2616 2618
2607 2622 2611
2622 2607 2605
2605 2623 2622
2624 2623 2605
2624 2605 2604
2624 2604 2625
2626 2620 2619
2626 2619 2621
2627 2628 2629
2628 2627 2630
2631 2627 2629
2627 2631 2632
2633 2629 2628
2629 2633 2634
2635 2629 2634
2629 2635 2631
2627 2636 2630
2636 2637 2630
2637 2636 2638
2636 2639 2638
2640 2627 2632
2640 2632 2641
2641 2642 2640
2643 2642 2641
2644 2634 2633
2634 2644 2645
2646 2645 2644
2646 2647 2645
2647 2634 2645
2634 2647 2635
2648 2649 2650
2649 2648 2651
2652 2649 2651
2649 2652 2653
2654 2649 2653
2649 2654 2655
2655 2650 2649
2656 2653 2652
2653 2656 2657
2658 2653 2657
2653 2658 2654
2656 2659 2657
2659 2656 2660
2661 2657 2659
2657 2661 2658
2655 2662 2650
2650 2662 2663
2663 2664 2650
2665 2664 2663
2666 2659 2660
2666 2661 2659
2648 2667 2651
2668 2669 2670
2669 2668 2671
2671 2672 2669
2672 2671 2673
2674 2671 2668
2671 2674 2675
2675 2673 2671
2673 2675 2676
2677 2670 2669
2678 2677 2669
2678 2669 2672
2678 2672 2679
2678 2679 2680
2680 2679 2681
2682 2680 2681
2683 2675 2674
2683 2676 2675
721 720 2684
721 419 415
721 2685 419
413 721 415
408 721 413
408 719 721
408 405 719
717 719 405
2686 717 405
2686 405 404
2686 404 2687
404 391 2687
2687 391 401
2688 2687 401
386 2688 401
386 2689 2688
2689 386 392
2687 2690 2686
2686 2690 717
717 2690 722
2689 392 2691
2691 2692 2689
402 2692 2691
2692 402 2693
2694 2693 402
2694 402 409
2694 409 2695
409 2696 2695
409 407 2696
407 2697 2696
407 410 2697
2696 2697 2698
2699 2695 2696
2698 2699 2696
2700 2699 2698
2701 2699 2700
2702 2701 2700
2702 2700 2703
390 402 2691
390 2691 392
2704 2705 874
2704 2706 2705
2706 2707 2705
2706 2708 2707
2535 2709 2552
2709 2535 2534
2534 2710 2709
2543 2535 2552
2552 2709 2711
2711 2712 2552
2551 2552 2712
2562 2551 2712
2710 2534 2540
2713 2714 2715
2716 2713 2715
2715 2714 2717
1624 2715 2717
2717 2718 1624
1624 2718 1625
456 455 2719
456 2719 459
2720 516 515
522 2720 515
522 551 2720
2721 587 589
2721 592 587
40 2722 41
2723 41 2722
52 41 2723
40 646 2722
28 646 40
649 2722 646
2723 2722 2724
2724 2722 649
2725 2724 649
2725 649 650
656 2725 650
37 7 22
2726 7 37
7 2726 2727
7 2727 5
2727 2728 5
5 2728 2
2729 2728 2727
2730 2 2728
2729 2730 2728
2730 0 2
637 2731 636
2731 637 641
2731 641 2732
641 640 2732
970 917 913
420 422 2733
424 2733 422
2733 424 428
2734 319 318
325 2734 318
2734 325 335
2178 2171 2735
2170 2735 2171
2736 2737 2738
2739 2740 2738
2738 2741 2742
2740 2743 2744
2740 2745 2746
2747 2746 2745
2748 2747 2745
2744 2746 2749
2749 2746 2747
2744 2750 2751
2752 2753 2751
2754 2755 2751
2754 2756 2755
2757 2753 2758
349 2759 348
352 2759 349
962 160 148
959 148 146
143 959 146
1298 1300 1319
1300 1316 1319
2760 2761 2762
1601 2763 1605
168 170 184
168 184 166
166 189 163
163 189 194
162 163 194
162 194 197
2764 162 197
162 2764 147
145 147 2764
145 2764 150
197 2765 2764
2766 150 2764
2766 2764 2765
2766 151 150
151 2766 157
1306 2767 1317
2767 1306 1305
2767 1305 1311
791 784 778
2768 1313 1314
2768 1312 1313
1312 2768 1315
2769 2770 2771
2772 2770 2773
1475 1478 1492
1480 1475 1492
1492 2774 1480
2774 1492 1490
1493 2774 1490
2775 1837 2776
1835 1837 2775
1835 2775 2777
2039 1835 2777
1542 1546 2164
1546 2146 2164
2146 2148 2164
2150 2146 1546
2150 1546 1547
2778 2779 1013
1013 2779 1009
1015 2778 1013
2778 1015 2780
2780 1015 1022
2779 1008 1009
2781 2782 2783
2102 2783 2782
2782 2100 2102
2784 1403 1407
2784 1410 1403
2785 1402 1405
1408 1402 2785
1405 1419 2785
231 2786 232
2786 231 235
236 2786 235
2786 236 239
2787 2788 2789
2788 2787 2790
2791 2788 2790
2790 2792 2791
2792 2790 2361
2792 2361 2358
2362 2361 2793
2794 2229 2228
2795 1033 1032
2795 1032 1034
2795 1034 1037
2796 2797 2798
2796 2798 2799
2796 2799 2800
1989 2798 2797
2798 1989 1988
1988 2799 2798
2799 1988 1993
1993 2800 2799
2800 1993 1995
2801 2438 2439
2801 2439 2440
2802 2803 2804
2802 2804 2805
2803 2007 2804
2007 2803 2006
2804 2008 2805
2008 2804 2007
2806 1904 1905
2806 1907 1904
2806 1910 1907
2807 2808 2809
2808 2807 2810
2811 2809 2808
2809 2811 2812
2813 2810 2807
2807 2814 2813
2814 2807 2815
2815 2807 2809
2815 2816 2814
2817 2814 2816
2816 2818 2817
2818 2816 2819
2819 2820 2818
2820 2819 2821
2821 2822 2820
2822 2821 2823
2823 2824 2822
2824 2823 2825
2814 2817 2826
2826 2813 2814
2827 2825 2823
2825 2827 2828
2827 2829 2828
2829 2827 2830
2831 2830 2827
2823 2831 2827
2831 2823 2821
2830 2831 2832
2831 2833 2832
2833 2831 2834
2821 2834 2831
2834 2821 2819
2834 2835 2833
2835 2834 2836
2819 2836 2834
2836 2819 2816
2836 2837 2835
2837 2836 2815
2816 2815 2836
2829 2838 2828
2828 2838 2825
2838 2824 2825
2837 2815 2809
2812 2837 2809
2839 2840 2813
2840 2839 2841
2842 2840 2841
2810 2813 2840
2843 2840 2842
2843 2810 2840
2810 2843 2844
2845 2844 2843
2808 2810 2844
2843 2846 2845
2846 2843 2847
2843 2842 2847
2848 2845 2846
2848 2846 2849
2846 2847 2849
2850 2849 2847
2813 2826 2839
2847 2851 2850
2842 2851 2847
2848 2849 2852
2852 2849 2850
2852 2850 2853
2811 2808 2844
2811 2844 2854
2854 2844 2855
2845 2855 2844
2848 2855 2845
2852 2856 2848
2856 2852 2857
2857 2858 2856
2859 2857 2852
2852 2853 2859
2860 2858 2857
2860 2857 2859
2851 2842 2861
2842 2841 2861
2862 2863 2864
2863 2862 2865
2865 2866 2863
2866 2865 2867
2868 2865 2862
2865 2868 2869
2869 2867 2865
2867 2869 2870
2871 2869 2868
2869 2871 2872
2872 2870 2869
2870 2872 2873
2874 2872 2871
2872 2874 2875
2875 2873 2872
2875 2874 2876
2875 2876 2877
2878 2864 2863
2878 2863 2866
2873 2875 2879
2875 2880 2879
2881 2880 2875
2881 2882 2880
2883 2882 2881
2883 2884 2882
2884 2883 2885
2876 2886 2877
2887 2877 2886
2877 2887 2888
2888 2887 2889
2890 287 2891
2892 2890 2893
2892 2891 2894
2895 287 284
284 2894 2895
2894 284 283
1687 1672 1674
1672 1687 1684
2896 2897 2898
2897 2896 2899
2900 2896 2898
2896 2900 2901
2902 2901 2900
2901 2902 2903
2904 2903 2902
2903 2904 2905
2904 2906 2905
2906 2904 2907
2907 2908 2906
2908 2907 2909
2901 2910 2896
2910 2899 2896
2910 2911 2899
2912 2908 2909
2912 2913 2908
2913 2906 2908
2910 2901 2914
2915 2903 2905
2903 2915 2916
2916 2914 2901
2916 2901 2903
2917 2914 2916
2915 2917 2916
2917 2915 2918
2919 2918 2915
2919 2905 2906
2905 2919 2915
2906 2913 2919
2918 2919 2920
2913 2920 2919
2920 2913 2921
2912 2921 2913
2917 2922 2914
2923 2924 2925
2923 2925 2926
2923 2927 2924
2928 2927 2923
2928 2929 2927
2930 2929 2928
2929 2931 2927
2927 2931 2932
2924 2927 2932
2932 2931 2933
2932 2934 2924
2932 2933 2934
2924 2934 2935
2925 2924 2935
2936 2925 2935
2937 2934 2933
2938 2937 2933
2939 2937 2938
2937 2939 2940
2940 2941 2937
2937 2941 2934
2941 2940 2942
2943 2940 2939
2940 2943 2944
2944 2942 2940
2945 2941 2942
2941 2945 2946
2941 2946 2934
2942 2944 2947
2948 2944 2943
2944 2948 2949
2949 2947 2944
2947 2949 2950
2951 2942 2947
2942 2951 2945
2952 2949 2948
2949 2952 2953
2953 2950 2949
2947 2954 2951
2954 2947 2950
2950 2953 2955
2956 2950 2955
2950 2956 2954
2957 2953 2952
2957 2955 2953
2957 2956 2955
2946 2958 2934
2935 2934 2959
2959 2960 2935
2961 2960 2959
2960 2961 2962
2963 2960 2962
2960 2963 2964
2936 2960 2964
2936 2935 2960
2959 2965 2961
2965 2959 2966
2966 2959 2934
2967 2962 2961
2962 2967 2968
2969 2962 2968
2962 2969 2963
2970 2961 2965
2961 2970 2967
2971 2968 2967
2968 2971 2972
2973 2968 2972
2968 2973 2969
2974 2967 2970
2967 2974 2971
2971 2975 2972
2975 2973 2972
2975 2971 2976
2974 2976 2971
2973 2975 2977
2976 2974 2978
2979 2977 2975
2979 2975 2976
2979 2976 2978
2936 2980 2925
2980 2926 2925
2926 2980 2981
2982 2926 2981
2926 2982 2983
2983 2982 2984
2985 2983 2984
2928 2983 2985
2930 2928 2985
2928 2923 2983
2923 2926 2983
2982 2986 2984
2982 2981 2986
2987 2986 2981
2988 2986 2987
2987 2989 2988
2989 2987 2990
2991 2990 2987
2987 2981 2991
2990 2991 2992
2990 2993 2989
2993 2990 2994
2992 2994 2990
2991 2995 2992
2995 2991 2996
2994 2992 2997
2994 2998 2993
2998 2994 2999
2997 2999 2994
2999 2997 3000
2992 3001 2997
3001 2992 2995
2999 3002 2998
3002 2999 3003
3000 3003 2999
2997 3004 3000
3004 2997 3001
3003 3000 3005
3006 3000 3004
3000 3006 3005
2991 2981 2996
2996 2981 3007
3008 3002 3003
3008 3003 3005
3008 3005 3006
2980 3009 2981
3009 2980 3010
3010 3011 3009
3011 3010 3012
3010 3013 3012
3013 3010 3014
2936 3014 3010
2936 3010 2980
3015 3009 3011
3009 3015 3016
3016 2981 3009
3012 3017 3011
3017 3012 3018
3019 3012 3013
3012 3019 3018
3011 3020 3015
3020 3011 3017
3018 3021 3017
3021 3018 3022
3023 3018 3019
3018 3023 3022
3017 3024 3020
3024 3017 3021
3025 3021 3022
3023 3025 3022
3021 3025 3026
3026 3024 3021
3025 3023 3027
3024 3026 3028
3029 3025 3027
3029 3026 3025
3029 3028 3026
3030 3031 3032
3030 3032 2897
2899 3030 2897
2938 2933 3033
3034 3035 3036
3035 3034 3037
3037 3034 3038
3039 3036 3035
3035 3040 3039
3040 3041 3039
3041 3040 3042
3042 3043 3041
3043 3042 3044
3045 3043 3044
3043 3045 3046
3047 3046 3045
3046 3047 3048
3040 3035 3049
3049 3035 3037
3049 3037 3050
3051 3048 3047
3051 3047 3052
3045 3052 3047
3049 3053 3040
3042 3054 3044
3054 3042 3055
3055 3040 3053
3055 3042 3040
3056 3055 3053
3056 3054 3055
3054 3056 3057
3057 3058 3054
3058 3044 3054
3044 3058 3045
3052 3045 3058
3058 3057 3059
3059 3052 3058
3052 3059 3060
3051 3052 3060
3056 3053 3061
2988 3062 2986
3063 3064 3065
1364 1378 1357
1002 3066 997
997 3066 988
3067 3068 3069
3068 3067 3070
3069 3071 3067
3071 3069 3072
3070 3073 3068
3073 3070 3074
3072 3075 3071
3075 3072 3076
3074 3077 3073
3077 3074 3078
3078 3079 3077
3080 3081 3082
3081 3080 3083
3084 3082 3081
3082 3084 3085
3086 3085 3084
3085 3086 3087
3082 3085 3088
3080 3082 3088
3089 3081 3083
3089 3084 3081
3086 3090 3087
3090 3086 3091
3092 3090 3091
3090 3092 3093
3094 3093 3092
3093 3094 3095
3087 3090 3096
3093 3096 3090
3097 3096 3093
3096 3098 3087
3087 3098 3085
3098 3088 3085
3084 3099 3086
3099 3084 3089
3086 3100 3091
3100 3086 3099
3101 3091 3100
3091 3101 3102
3103 3102 3101
3094 3092 3104
3092 3091 3104
3103 3105 3102
3102 3105 3106
3099 3107 3100
3107 3099 3089
3108 3094 3104
3109 3101 3100
3101 3109 3110
3103 3101 3110
3103 3111 3105
3112 3111 3103
3113 3111 3112
3113 3112 3114
3112 3115 3114
3115 3112 3116
3116 3112 3103
3117 3116 3103
3118 3114 3115
3118 3113 3114
3119 3118 3115
3120 3118 3119
3121 3120 3119
3122 3121 3119
3123 3121 3122
3124 3123 3122
3125 3123 3124
3126 3118 3120
3113 3118 3126
3122 3119 3127
3122 3128 3124
3127 3128 3122
3119 3115 3129
3127 3119 3129
3130 3128 3127
3130 3127 3131
3131 3127 3129
3131 3132 3130
3133 3130 3132
3132 3134 3133
3135 3128 3130
3133 3135 3130
3128 3135 3136
3124 3128 3136
3131 3137 3132
3137 3138 3132
3138 3134 3132
3138 3139 3134
3134 3139 3140
3141 3140 3139
3142 3140 3141
3142 3143 3140
3143 3142 3144
3145 3144 3142
3142 3146 3145
3145 3146 3147
3148 3147 3146
3149 3148 3146
3148 3149 3150
3151 3150 3149
3149 3152 3151
3149 3153 3152
3153 3154 3152
3155 3152 3154
3156 3155 3154
3156 3157 3155
3157 3158 3155
3158 3157 3159
3160 3159 3157
3159 3160 3161
3162 3157 3156
3160 3157 3162
3159 3161 3163
3161 3164 3163
3164 3161 3165
3164 3165 3166
3166 3165 3167
3168 3164 3166
3169 3164 3168
3164 3169 3163
3170 3169 3168
3167 3165 3171
3165 3172 3171
3173 3167 3171
3169 3174 3163
3165 3175 3172
3160 3175 3161
3161 3175 3165
3171 3172 3176
3172 3177 3176
3177 3172 3178
3171 3176 3179
3179 3173 3171
3179 3176 3177
3179 3177 3180
3177 3181 3180
3178 3181 3177
3182 3181 3178
3179 3180 3183
3179 3183 3184
3184 3173 3179
3180 3185 3183
3185 3180 3186
3181 3186 3180
3181 3187 3186
3181 3188 3187
3189 3187 3188
3188 3190 3189
3191 3189 3190
3191 3192 3189
3192 3193 3189
3193 3192 3194
3194 3195 3193
3195 3194 3196
3192 3191 3197
3191 3198 3197
3198 3191 3199
3199 3200 3198
3200 3199 3201
3201 3080 3200
3080 3201 3083
3200 3088 3198
3080 3088 3200
3202 3083 3201
3202 3201 3199
3197 3096 3192
3194 3192 3096
3097 3194 3096
3096 3197 3098
3197 3198 3098
3098 3198 3088
3203 3083 3202
3203 3204 3083
3205 3083 3204
3204 3206 3205
3206 3089 3205
3205 3089 3083
3206 3207 3089
3089 3207 3107
3204 3208 3206
3204 3203 3209
3209 3203 3202
3204 3209 3208
3209 3202 3210
3202 3211 3210
3211 3202 3212
3212 3202 3199
3199 3191 3212
3190 3212 3191
3212 3190 3211
3211 3190 3213
3190 3214 3213
3214 3190 3215
3215 3190 3188
3188 3216 3215
3216 3214 3215
3181 3216 3188
3107 3217 3100
3100 3217 3218
3218 3109 3100
3110 3109 3218
3219 3220 3221
3220 3219 3222
3223 3222 3219
3222 3223 3224
3221 3220 3225
3223 3226 3227
3226 3223 3228
3228 3229 3226
3229 3228 3230
3230 3231 3229
3231 3230 3232
3233 3231 3232
3231 3233 3234
3233 3235 3234
3235 3233 3236
3237 3235 3236
3235 3237 3238
3239 3238 3237
3238 3239 3240
3241 3240 3239
3242 3243 3244
3243 3242 3245
3246 3242 3244
3245 3247 3243
3247 3245 3248
3247 3248 3249
3246 3250 3242
3251 3252 3253
3252 3251 3254
3255 3253 3252
3253 3255 3256
3257 3256 3255
3256 3257 3258
3259 3258 3257
3258 3259 3260
3251 3261 3254
3262 3263 3264
3263 3262 3265
3264 3266 3262
3266 3264 3267
3268 3266 3267
3266 3268 3269
3270 3269 3268
3269 3270 3271
3272 3271 3270
3271 3272 3273
3272 3274 3273
3274 3272 3275
3275 3276 3274
3276 3275 3277
3278 3276 3277
3263 3265 3279
3280 3281 3282
3281 3280 3283
3284 3285 3286
3285 3284 3287
3285 3288 3286
3288 3285 3289
3290 3287 3284
3291 3108 3292
3108 3291 3293
3294 3292 3108
3291 3295 3293
3293 3094 3108
3094 3293 3095
3295 3095 3293
3104 3294 3108
3294 3104 3296
3297 3296 3104
3104 3091 3297
3102 3297 3091
3297 3102 3106
3106 3296 3297
3296 3106 3298
3299 3296 3298
3294 3296 3299
3093 3095 3295
3295 3097 3093
3295 3194 3097
3194 3295 3196
3295 3300 3196
3291 3300 3295
3291 3301 3300
3301 3291 3292
3302 3301 3292
3300 3195 3196
3195 3300 3301
3301 3303 3195
3303 3301 3302
3195 3303 3193
3193 3303 3189
3303 3304 3189
3304 3303 3305
3302 3305 3303
3187 3189 3304
3304 3306 3187
3306 3304 3305
3187 3306 3186
3186 3306 3307
3305 3308 3306
3309 3308 3305
3309 3305 3302
3302 3310 3309
3302 3292 3310
3292 3311 3310
3311 3312 3310
3313 3312 3311
3313 3314 3312
3315 3312 3314
3316 3312 3315
3317 3314 3313
3318 3316 3315
3319 3316 3318
3319 3318 3320
3319 3320 3321
3321 3320 3322
3316 3323 3312
3319 3324 3316
3324 3323 3316
3310 3312 3325
3323 3325 3312
3319 3321 3326
3319 3326 3324
3321 3322 3326
3299 3317 3313
3299 3313 3294
3294 3313 3292
3310 3325 3327
3310 3327 3309
3313 3311 3292
3328 3329 3330
3329 3328 3331
3332 3330 3329
3330 3332 3333
3334 3331 3328
3331 3334 3335
3336 3333 3332
3333 3336 3337
3338 3335 3334
3335 3338 3339
3339 3338 3340
3341 3342 3343
3342 3341 3344
3345 3344 3341
3344 3345 3346
3342 3347 3343
3347 3342 3348
3348 3349 3347
3350 3347 3349
3349 3351 3350
3351 3349 3352
3352 3353 3351
3353 3352 3354
3354 3355 3353
3355 3354 3356
3356 3357 3355
3357 3356 3358
3347 3350 3359
3360 3359 3350
3359 3360 3361
3361 3362 3359
3359 3362 3347
3362 3361 3363
3349 3348 3364
3365 3350 3351
3350 3365 3360
3353 3365 3351
3366 3355 3357
3367 3366 3357
3358 3367 3357
3366 3367 3368
3355 3366 3369
3370 3355 3369
3355 3370 3353
3365 3353 3370
3356 3371 3358
3372 3358 3371
3358 3372 3373
3363 3374 3362
3374 3363 3375
3376 3368 3367
3373 3376 3367
3368 3376 3377
3378 3374 3375
3374 3378 3379
3378 3380 3379
3380 3381 3379
3380 3382 3381
3382 3380 3383
3383 3384 3382
3384 3383 3385
3385 3386 3384
3386 3385 3387
3388 3387 3385
3387 3388 3389
3385 3390 3388
3390 3385 3383
3380 3390 3383
3390 3380 3391
3380 3378 3391
3392 3381 3382
3381 3392 3393
3393 3394 3381
3381 3394 3379
3394 3393 3395
3382 3396 3392
3396 3382 3384
3384 3397 3396
3397 3384 3386
3386 3398 3397
3398 3386 3399
3399 3386 3387
3389 3400 3387
3400 3399 3387
3400 3401 3399
3401 3400 3402
3400 3389 3403
3395 3404 3394
3394 3404 3345
3379 3394 3345
3379 3345 3341
3379 3341 3374
3374 3341 3343
3362 3374 3343
3362 3343 3347
3404 3405 3345
3404 3406 3405
3406 3407 3405
3407 3406 3408
3406 3404 3409
3405 3410 3345
3405 3407 3410
3407 3411 3410
3411 3407 3412
3346 3410 3411
3410 3346 3345
3404 3395 3409
3413 3414 3415
3414 3413 3416
3414 3416 3417
3415 3414 3418
3419 3415 3418
3413 3415 3420
3419 3420 3415
3421 3413 3420
3422 3420 3419
3420 3422 3421
3419 3423 3422
3422 3423 3424
3414 3425 3418
3414 3426 3425
3426 3414 3417
3426 3427 3425
3424 3428 3422
3429 3428 3424
3428 3429 3430
3429 3431 3430
3417 3432 3426
3432 3427 3426
3430 3433 3428
3433 3434 3428
3435 3422 3428
3436 3422 3435
3428 3434 3437
3435 3438 3436
3435 3439 3438
3440 3435 3428
3428 3437 3440
3441 3439 3435
3442 3439 3441
3439 3442 3443
3443 3442 3444
3445 3446 3447
3447 3446 3448
3448 3446 3449
3447 3450 3445
3445 3450 3451
3445 3451 3452
3453 3445 3452
3454 3453 3452
3455 3453 3454
3454 3456 3455
3455 3456 3457
3458 3459 3460
3460 3459 3461
3458 3460 3462
3463 3458 3462
3125 3463 3462
3463 3125 3124
3123 3125 3464
3464 3465 3123
3123 3465 3466
3467 3123 3466
3466 3468 3467
3123 3467 3121
3469 3121 3467
3469 3467 3468
3470 3469 3468
3469 3470 3471
3121 3469 3120
3120 3469 3472
3472 3469 3471
3120 3472 3473
3120 3473 3126
3474 3113 3126
3113 3474 3475
3113 3475 3111
3111 3475 3476
3476 3105 3111
3105 3476 3477
3105 3477 3478
3105 3478 3106
3479 3480 3481
3482 3481 3480
3479 3481 3483
3484 3485 3486
3485 3484 3487
3488 3489 3490
3488 3491 3489
3492 3490 3489
3349 3493 3352
3493 3349 3364
3493 3354 3352
3354 3493 3494
3495 3354 3494
3354 3495 3356
3371 3356 3495
3496 3497 3376
3497 3496 3498
3373 3496 3376
3372 3496 3373
3496 3372 3499
3358 3373 3367
3500 3501 3502
3501 3500 3503
3504 3500 3502
3500 3504 3505
3506 3501 3503
3501 3506 3507
3508 3507 3506
3507 3508 3509
3510 3509 3508
3509 3510 3511
3511 3510 3512
3505 3504 3513
3505 3513 3514
3512 3510 3515
3512 3515 3516
3514 3513 3517
3514 3517 3518
3519 3520 3521
3520 3519 3522
3523 3522 3519
3522 3523 3524
3525 3521 3520
3521 3525 3526
3523 3527 3524
3528 3526 3525
3529 3526 3528
3530 3531 3532
3531 3530 3533
3532 3534 3530
3534 3532 3535
3533 3225 3531
3534 3536 3537
3536 3534 3538
3539 3537 3536
3537 3539 3540
3541 3540 3539
3540 3541 3542
3541 3543 3542
3543 3541 3544
3545 3543 3544
3543 3545 3546
3545 3547 3546
3547 3545 3548
3548 3549 3547
3549 3548 3550
3551 3549 3550
3552 3553 3554
3553 3552 3555
3556 3554 3553
3554 3556 3557
3556 3558 3557
3559 3555 3552
3559 3552 3560
3561 3562 3563
3563 3564 3561
3564 3563 3565
3565 3566 3564
3566 3565 3567
3567 3568 3566
3568 3567 3569
3569 3570 3568
3570 3569 3571
3572 3573 3574
3573 3572 3575
3576 3574 3573
3574 3576 3577
3576 3578 3577
3578 3576 3579
3579 3580 3578
3580 3579 3581
3581 3582 3580
3582 3581 3583
3584 3582 3583
3582 3584 3585
3586 3585 3584
3585 3586 3587
3588 3587 3586
3572 3589 3575
3590 3591 3592
3591 3590 3593
3594 3595 3596
3595 3594 3597
3598 3595 3597
3595 3598 3599
3600 3594 3596
3601 3602 3603
3602 3601 3604
3603 3605 3601
3605 3603 3606
3607 3602 3604
3602 3607 3608
3609 3608 3607
3607 3610 3609
3611 3609 3610
3609 3611 3612
3613 3612 3611
3612 3613 3614
3615 3614 3613
3614 3615 3616
3617 3616 3615
3616 3617 3618
3610 3607 3619
3619 3620 3610
3620 3619 3621
3622 3621 3619
3619 3607 3622
3621 3622 3623
3608 3609 3624
3625 3610 3620
3610 3625 3611
3625 3613 3611
3615 3626 3617
3626 3627 3617
3618 3617 3627
3627 3626 3628
3626 3615 3629
3615 3630 3629
3630 3615 3613
3613 3625 3630
3631 3616 3618
3618 3632 3631
3616 3631 3633
3633 3614 3616
3614 3633 3634
3635 3623 3622
3628 3636 3627
3636 3628 3637
3622 3604 3635
3635 3604 3601
3638 3635 3601
3639 3635 3638
3640 3639 3638
3640 3638 3641
3642 3640 3641
3640 3642 3643
3644 3643 3642
3643 3644 3645
3646 3645 3644
3645 3646 3647
3647 3648 3645
3648 3647 3649
3650 3645 3648
3645 3650 3643
3650 3640 3643
3640 3650 3651
3639 3640 3651
3641 3652 3642
3652 3641 3653
3654 3653 3641
3653 3654 3655
3656 3642 3652
3642 3656 3644
3657 3644 3656
3644 3657 3646
3658 3646 3657
3646 3658 3659
3659 3647 3646
3660 3649 3647
3660 3647 3659
3661 3660 3659
3660 3661 3662
3649 3660 3663
3664 3655 3654
3654 3605 3664
3638 3605 3654
3638 3601 3605
3641 3638 3654
3655 3664 3665
3664 3666 3665
3666 3664 3667
3664 3605 3667
3668 3666 3667
3666 3668 3669
3667 3605 3670
3667 3670 3668
3671 3668 3670
3668 3671 3672
3670 3606 3671
3606 3670 3605
3673 3674 3675
3674 3673 3676
3673 3677 3676
3675 3678 3673
3679 3678 3675
3674 3680 3675
3679 3675 3680
3681 3680 3674
3682 3679 3680
3680 3681 3682
3679 3682 3683
3682 3684 3683
3673 3678 3685
3673 3685 3686
3686 3677 3673
3686 3685 3687
3684 3682 3688
3689 3684 3688
3688 3690 3689
3689 3690 3691
3677 3686 3692
3692 3686 3687
3690 3688 3693
3693 3688 3694
3695 3688 3682
3696 3695 3682
3688 3697 3694
3695 3696 3698
3695 3698 3699
3688 3695 3700
3700 3697 3688
3701 3695 3699
3699 3702 3701
3702 3699 3703
3703 3704 3702
3705 3706 3707
3706 3708 3707
3708 3709 3707
3706 3705 3710
3705 3711 3710
3712 3711 3705
3713 3712 3705
3713 3714 3712
3715 3714 3713
3714 3715 3716
3715 3717 3716
3718 3719 3720
3719 3721 3720
3718 3722 3719
3722 3718 3723
3170 3722 3723
3723 3169 3170
3724 3170 3168
3168 3725 3724
3168 3726 3725
3727 3726 3168
3726 3727 3728
3728 3727 3729
3168 3166 3727
3729 3727 3166
3166 3167 3729
3167 3730 3729
3167 3731 3730
3167 3173 3731
3730 3732 3729
3729 3732 3733
3733 3728 3729
3734 3159 3163
3158 3159 3734
3174 3734 3163
3186 3735 3185
3186 3307 3735
3736 3737 3738
3739 3738 3737
3736 3740 3737
3741 3742 3743
3742 3741 3744
3745 3746 3747
3745 3747 3748
3749 3747 3746
3632 3618 3750
3618 3627 3750
3750 3627 3636
3750 3636 3751
3751 3632 3750
3752 3751 3636
3751 3752 3753
3632 3751 3754
3755 3609 3612
3609 3755 3624
3614 3755 3612
3755 3614 3634
3623 3635 3756
3635 3639 3756
3757 3758 3759
3758 3757 3760
3758 3761 3759
3761 3758 3762
3757 3763 3760
3763 3757 3764
3764 3765 3763
3765 3764 3766
3766 3767 3765
3767 3766 3768
3768 3769 3767
3762 3770 3761
3762 3771 3770
3769 3772 3767
3769 3773 3772
3771 3774 3770
3771 3775 3774
3776 3777 3778
3777 3776 3779
3779 3780 3777
3780 3779 3781
3778 3782 3776
3782 3778 3783
3780 3781 3784
3785 3782 3783
3786 3785 3783
3622 3607 3604
3787 3788 3789
3788 3787 3790
3791 3792 3793
3792 3791 3794
3795 3796 3797
3796 3795 3798
3799 3800 3801
3800 3799 3802
3803 3804 3805
3804 3803 3806
3807 3808 3809
3808 3807 3810
3811 3812 3813
3812 3811 3814
3815 3816 3817
3816 3815 3818
3819 3820 3821
3820 3819 3822
3823 3824 3825
3824 3823 3826
3827 3828 3829
3828 3827 3830
3831 3832 3833
3832 3831 3834
3835 3836 3837
3836 3835 3838
3839 3837 3836
3837 3839 3840
3841 3842 3843
3842 3841 3844
3845 3846 3847
3846 3845 3848
3849 3850 3851
3850 3849 3852
3853 3854 3855
3854 3853 3856
3856 3857 3854
3857 3856 3858
3859 3857 3858
3857 3859 3860
3859 3861 3860
3861 3859 3862
3863 3864 3865
3864 3863 3866
3867 3868 3869
3868 3867 3870
3871 3872 3873
3874 3875 3876
3875 3874 3877
3878 3879 3880
3879 3878 3881
3882 3883 3884
3883 3882 3885
3886 3887 3888
3887 3886 3889
3890 3891 3892
3891 3890 3893
3894 3895 3896
3897 3898 3899
3900 3901 3902
3901 3900 3903
3904 3900 3902
3905 3906 3907
3906 3905 3908
3909 3910 3911
3910 3909 3912
3913 3914 3915
3914 3913 3916
3917 3918 3919
3920 3921 3922
3921 3920 3923
3924 3925 3926
3925 3924 3927
3928 3929 3930
3929 3928 3931
3932 3933 3934
3933 3932 3935
3936 3937 3938
3937 3936 3939
3940 3941 3942
3941 3940 3943
3941 3944 3942
3944 3941 3945
3946 3944 3945
3944 3946 3947
3948 3949 3950
3951 3952 3953
3954 3955 3956
3955 3954 3957
3958 3956 3955
3959 3960 3961
3960 3959 3962
3963 3964 3965
3964 3963 3966
3964 3967 3965
3967 3964 3968
3969 3970 3971
3970 3969 3972
3973 3974 3975
3974 3973 3976
3977 3973 3975
3973 3977 3978
3979 3980 3981
3980 3979 3982
3983 3984 3985
3984 3983 3986
3987 3988 3989
3988 3987 3990
3991 3992 3993
3992 3991 3994
3995 3996 3997
3996 3995 3998
3999 4000 4001
4000 3999 4002
4003 4004 4005
4004 4003 4006
4007 4008 4009
4008 4007 4010
4011 4012 4013
4012 4011 4014
4015 4016 4017
4016 4015 4018
4019 4020 4021
4020 4019 4022
4023 4024 4025
4024 4023 4026
4027 4028 4029
4028 4027 4030
4031 4032 4033
4032 4031 4034
4035 4036 4037
4036 4035 4038
4039 4040 4041
4040 4039 4042
4043 4044 4045
4044 4043 4046
4047 4048 4049
4048 4047 4050
4051 4052 4053
4052 4051 4054
4055 4056 4057
4056 4055 4058
4059 4060 4061
4060 4059 4062
4063 4064 4065
4064 4063 4066
4067 4068 4069
4068 4067 4070
4071 4072 4073
4072 4071 4074
4075 4076 4077
4076 4075 4078
4079 4080 4081
4080 4079 4082
4083 4084 4085
4084 4083 4086
4087 4088 4089
4088 4087 4090
4091 4092 4093
4092 4091 4094
4095 4096 4097
4096 4095 4098
4099 4100 4101
4100 4099 4102
4103 4104 4105
4106 4107 4108
4107 4106 4109
4110 4111 4112
4111 4110 4113
4114 4115 4116
4115 4114 4117
4118 4119 4120
4119 4118 4121
4122 4123 4124
4123 4122 4125
4126 4127 4128
4127 4126 4129
4130 4131 4132
4131 4130 4133
4134 4135 4136
4135 4134 4137
4138 4139 4140
4139 4138 4141
4142 4143 4144
4143 4142 4145
4146 4147 4148
4147 4146 4149
4150 4151 4152
4153 4154 4155
4154 4153 4156
4153 4157 4156
4157 4153 4158
4159 4160 4161
4160 4159 4162
4163 4159 4161
4159 4163 4164
4165 4166 4167
4166 4165 4168
4169 4170 4171
4170 4169 4172
4173 4174 4175
4174 4173 4176
4177 4178 4179
4178 4177 4180
4181 4182 4183
4182 4181 4184
4185 4186 4187
4186 4185 4188
4189 4190 4191
4190 4189 4192
4193 4190 4192
4190 4193 4194
4195 4189 4191
4189 4195 4196
4197 4198 4199
4198 4197 4200
4201 4202 4203
4202 4201 4204
4202 4205 4203
4205 4202 4206
4201 4207 4204
4207 4201 4208
4209 4210 4211
4210 4209 4212
4213 4214 4215
4214 4213 4216
4217 4218 4219
4218 4217 4220
4221 4222 4223
4222 4221 4224
4225 4226 4227
4226 4225 4228
4229 4230 4231
4230 4229 4232
4233 4234 4235
4234 4233 4236
4237 4238 4239
4238 4237 4240
4241 4242 4243
4242 4241 4244
4245 4246 4247
4246 4245 4248
4249 4250 4251
4250 4249 4252
4253 4254 4255
4254 4253 4256
4253 4255 4257
4258 4254 4256
4259 4254 4258
4254 4259 4260
4259 4261 4260
4261 4255 4260
4255 4261 4257
4262 4261 4259
4261 4262 4263
4264 4253 4257
4253 4264 4265
4266 4265 4264
4265 4266 4267
4268 4267 4266
4267 4268 4269
4268 4270 4269
4270 4268 4271
4272 4273 4274
4273 4272 4275
4276 4277 4278
4277 4276 4279
4280 4281 4282
4281 4280 4283
4284 4285 4286
4285 4284 4287
4284 4288 4287
4289 4286 4285
4285 4290 4289
4290 4285 4291
4290 4291 4292
4287 4292 4291
4292 4287 4288
4292 4293 4290
4293 4292 4294
4295 4288 4284
4288 4295 4296
4295 4297 4296
4297 4295 4298
4298 4299 4297
4299 4298 4300
4301 4299 4300
4299 4301 4302
4303 4304 4305
4304 4303 4306
4307 4308 4309
4308 4307 4310
4311 4307 4309
4307 4311 4312
4313 4314 4315
4314 4313 4316
4317 4318 4319
4318 4317 4320
4321 4322 4323
4322 4321 4324
4325 4326 4327
4327 4328 4325
4329 4325 4328
4330 4331 4332
4333 4334 4335
4334 4333 4336
4337 4338 4339
4338 4337 4340
4340 4341 4338
4341 4340 4342
4342 4343 4341
4343 4342 4344
4345 4346 4347
4346 4345 4348
4349 4350 4351
4350 4349 4352
4353 4354 4355
4354 4353 4356
4357 4358 4359
4358 4357 4360
4361 4362 4363
4362 4361 4364
4365 4366 4367
4366 4365 4368
4369 4370 4371
4370 4369 4372
4373 4374 4375
4374 4373 4376
4377 4378 4379
4378 4377 4380
4381 4382 4383
4382 4381 4384
4385 4386 4387
4386 4385 4388
4389 4390 4391
4390 4389 4392
4393 4394 4395
4394 4393 4396
4397 4398 4399
4398 4397 4400
4401 4402 4403
4402 4401 4404
4405 4406 4407
4408 4409 4410
4411 4412 4413
4412 4411 4414
4411 4415 4414
4415 4411 4416
4417 4418 4419
4418 4417 4420
4421 4422 4423
4422 4421 4424
4425 4421 4423
4421 4425 4426
4427 4428 4429
4428 4427 4430
4431 4432 4433
4432 4431 4434
4435 4436 4437
4436 4435 4438
4439 4440 4441
4440 4439 4442
4443 4444 4445
4444 4443 4446
4447 4448 4449
4448 4447 4450
4451 4452 4453
4452 4451 4454
4455 4456 4457
4456 4455 4458
4459 4460 4461
4460 4459 4462
4463 4464 4465
4464 4463 4466
4467 4463 4465
4463 4467 4468
4469 4470 4471
4470 4469 4472
4470 4473 4471
4473 4470 4474
4475 4476 4477
4476 4475 4478
4479 4480 4481
4480 4479 4482
4483 4484 4485
4484 4483 4486
4487 4488 4489
4488 4487 4490
4491 4492 4493
4492 4491 4494
4495 4496 4497
4496 4495 4498
4499 4500 4501
4500 4499 4502
4503 4504 4505
4504 4503 4506
4507 4508 4509
4508 4507 4510
4511 4507 4509
4507 4511 4512
4513 4514 4515
4514 4513 4516
4517 4518 4519
4518 4517 4520
4521 4522 4523
4522 4521 4524
4522 4525 4523
4525 4522 4526
4527 4528 4529
4528 4527 4530
4531 4532 4533
4532 4531 4534
4535 4536 4537
4536 4535 4538
4539 4540 4541
4540 4539 4542
4543 4544 4545
4544 4543 4546
4547 4548 4549
4548 4547 4550
4551 4549 4548
4549 4551 4552
4553 4554 4555
4554 4553 4556
4556 4557 4554
4557 4556 4558
4559 4560 4561
4560 4559 4562
4563 4564 4565
4564 4563 4566
4567 4568 4569
4568 4567 4570
4571 4572 4573
4572 4571 4574
4575 4576 4577
4576 4575 4578
4579 4580 4581
4580 4579 4582
4583 4584 4585
4584 4583 4586
4587 4588 4589
4588 4587 4590
4591 4592 4593
4592 4591 4594
4595 4596 4597
4596 4595 4598
4599 4600 4601
4600 4599 4602
4603 4604 4605
4604 4603 4606
4607 4608 4609
4608 4607 4610
4611 4612 4613
4612 4611 4614
4615 4616 4617
4616 4615 4618
4619 4620 4621
4620 4619 4622
4623 4624 4625
4624 4623 4626
4627 4628 4629
4628 4627 4630
4631 4632 4633
4632 4631 4634
4635 4636 4637
4636 4635 4638
4639 4640 4641
4640 4639 4642
4643 4644 4645
4644 4643 4646
4647 4648 4649
4648 4647 4650
4651 4652 4653
4652 4651 4654
4655 4656 4657
4656 4655 4658
4659 4660 4661
4660 4659 4662
4663 4664 4665
4664 4663 4666
4667 4668 4669
4668 4667 4670
4671 4672 4673
4672 4671 4674
4675 4676 4677
4676 4675 4678
4679 4680 4681
4680 4679 4682
